0 213
1 92
2 15
3 132
3 142
3 143
3 144
3 145
3 151
3 173
3 181
3 182
3 184
3 186
3 187
3 188
3 189
4 17
4 139
4 140
4 141
4 185
5 204
6 141
6 153
7 273
8 11
9 12
9 18
9 21
9 22
9 23
9 24
9 25
9 26
9 27
9 28
9 29
9 32
9 33
9 34
9 35
9 36
9 139
9 140
9 141
9 206
10 12
10 13
10 14
10 17
10 18
10 19
10 21
10 22
10 23
10 24
10 25
10 26
10 27
10 28
10 29
10 30
10 31
10 32
10 33
10 34
10 35
10 36
10 37
10 38
10 141
10 206
10 207
11 12
11 17
12 17
12 18
13 17
15 17
15 18
15 43
15 99
15 195
15 198
15 204
15 235
15 236
15 239
15 314
15 317
16 17
16 18
16 98
16 124
16 312
17 20
17 21
17 22
17 23
17 24
17 25
17 26
17 27
17 28
17 29
17 32
17 33
17 34
17 35
17 36
17 37
18 21
18 22
18 23
18 24
18 25
18 26
18 27
18 28
18 29
18 32
18 33
18 34
18 35
18 36
18 37
18 141
18 213
21 23
21 24
22 35
23 24
23 27
23 32
23 33
24 25
24 27
24 32
24 33
24 34
24 35
24 37
25 33
26 33
26 35
27 35
33 35
33 37
35 37
39 212
40 42
41 42
42 138
43 44
45 46
45 138
47 48
48 138
49 51
49 52
49 244
50 51
50 52
50 89
50 91
50 125
50 129
50 131
50 241
50 304
50 307
51 82
52 53
52 55
52 56
52 58
52 59
52 60
52 61
52 62
52 63
52 64
52 65
52 66
52 67
52 68
52 69
52 70
52 71
52 72
52 73
52 74
52 75
52 76
52 77
52 78
52 79
52 80
52 81
52 82
52 84
52 85
52 86
54 82
55 69
55 82
56 69
56 82
57 80
58 82
59 69
59 82
60 82
61 69
61 82
62 69
62 82
63 69
63 82
64 69
64 82
65 69
65 82
66 82
67 69
69 71
69 75
69 76
69 77
69 78
69 79
69 80
69 82
70 82
71 82
75 82
76 82
77 82
78 82
79 82
80 82
81 84
81 85
82 83
82 84
82 85
82 271
82 272
82 273
83 91
83 129
83 131
83 241
83 303
83 307
87 88
87 211
90 91
92 93
92 94
92 96
92 139
92 141
95 108
96 97
96 272
99 100
99 101
99 102
99 103
99 211
104 105
105 138
106 212
107 108
107 121
107 308
108 110
108 111
108 112
108 113
108 114
108 115
108 138
109 110
116 118
117 118
118 212
119 211
120 121
121 122
123 269
125 126
127 129
128 129
130 131
132 141
132 153
132 155
132 181
132 185
133 134
133 135
133 136
133 138
137 140
137 141
137 153
137 155
137 181
137 191
137 243
138 139
138 140
138 141
138 153
138 155
138 164
138 181
138 193
138 315
139 152
139 153
139 154
139 155
139 166
139 176
139 181
139 185
140 142
140 144
140 145
140 147
140 148
140 149
140 150
140 151
140 152
140 154
140 157
140 158
140 159
140 160
140 161
140 163
140 165
140 169
140 170
140 171
140 173
140 176
140 181
140 182
140 183
140 184
140 185
141 142
141 143
141 144
141 145
141 146
141 147
141 148
141 149
141 150
141 151
141 152
141 154
141 157
141 158
141 159
141 160
141 161
141 162
141 163
141 165
141 166
141 167
141 168
141 169
141 170
141 171
141 172
141 173
141 174
141 175
141 176
141 177
141 178
141 179
141 180
141 181
141 182
141 183
141 184
141 186
141 187
141 188
141 189
142 153
142 155
142 164
142 181
142 185
143 153
143 155
143 181
143 185
144 153
144 155
144 164
144 181
144 185
145 153
145 155
145 164
145 181
145 185
146 153
146 155
146 181
146 185
147 153
147 155
147 164
147 181
147 185
148 153
148 155
148 164
148 181
148 185
149 153
149 155
149 164
149 181
149 185
150 153
150 164
150 181
150 185
151 153
151 155
151 164
151 181
151 185
152 155
152 164
152 181
152 185
153 154
153 157
153 158
153 159
153 160
153 161
153 162
153 163
153 165
153 166
153 169
153 170
153 171
153 173
153 181
153 182
153 183
153 184
153 185
153 186
153 187
153 188
153 189
154 164
154 181
154 185
155 157
155 158
155 159
155 162
155 163
155 166
155 169
155 170
155 173
155 181
155 182
155 183
155 184
155 185
155 186
155 188
155 189
156 181
156 185
157 164
157 181
157 185
159 164
159 181
159 185
160 164
160 181
160 185
161 164
161 185
162 181
162 185
163 181
163 185
164 165
164 169
164 171
164 173
164 181
164 183
164 184
164 185
165 181
165 185
166 181
166 185
168 181
168 185
169 181
169 185
170 181
170 185
171 181
171 185
173 181
173 185
181 182
181 183
181 184
181 185
181 186
181 187
181 188
181 189
182 185
183 185
184 185
185 186
185 187
185 188
185 189
185 271
185 272
185 273
185 290
190 191
192 193
194 195
195 196
197 198
199 200
199 201
199 202
199 245
203 204
205 207
206 208
206 209
206 210
206 213
206 214
206 216
206 217
206 218
206 219
206 225
206 228
206 229
206 231
206 232
207 208
207 209
207 210
207 212
207 213
207 214
207 215
207 216
207 217
207 218
207 219
207 220
207 221
207 222
207 223
207 224
207 225
207 226
207 227
207 228
207 229
207 231
207 232
207 233
207 234
208 213
208 214
208 217
208 218
208 219
208 221
208 228
208 229
208 231
208 232
208 233
208 234
209 213
210 213
210 218
210 219
211 213
211 214
212 213
213 216
213 217
213 218
213 219
213 220
213 221
213 225
213 228
213 229
213 230
213 231
213 232
214 216
214 217
214 220
214 229
214 230
214 231
214 232
216 229
236 237
238 239
240 241
242 243
245 250
245 271
245 276
245 281
246 248
246 249
246 250
246 251
246 252
246 254
246 255
246 256
246 257
246 258
246 259
246 260
246 262
246 263
246 266
246 267
246 268
246 269
246 270
246 273
247 273
247 280
248 273
249 273
250 267
250 271
250 272
250 273
251 273
252 273
253 273
254 273
255 273
256 273
257 273
259 273
260 273
261 273
262 273
263 273
264 272
264 273
265 273
266 273
267 273
268 273
269 273
270 273
271 276
271 277
271 278
271 281
271 288
272 275
272 282
272 288
272 289
273 274
273 275
273 276
273 277
273 278
273 279
273 281
273 282
273 283
273 284
273 285
273 286
273 288
273 289
286 287
288 290
288 291
288 292
288 293
288 294
288 295
288 297
288 298
288 299
288 300
288 301
289 290
289 292
289 293
289 294
289 296
289 297
289 298
289 299
289 300
289 301
292 296
293 296
293 302
294 296
296 297
296 298
296 299
296 300
303 304
305 307
306 307
308 309
308 310
311 312
312 313
315 316
