0 99
0 142
0 143
0 169
0 234
0 281
1 21
1 39
1 92
1 96
1 104
1 115
1 260
1 309
1 335
1 367
1 411
1 432
1 434
1 440
1 446
1 451
1 471
1 475
1 481
1 486
1 499
1 548
1 575
2 13
2 74
2 76
2 125
2 289
2 290
2 316
2 509
3 143
3 193
3 487
3 492
4 76
4 80
4 84
4 96
4 160
4 161
4 231
4 255
4 513
4 528
4 544
4 559
5 74
5 75
5 76
5 124
5 251
6 81
6 82
6 130
6 131
6 356
7 26
7 104
7 105
7 144
7 168
7 169
8 121
9 31
10 144
11 69
11 70
11 71
11 153
11 154
11 155
11 156
12 90
12 93
12 106
12 487
13 17
13 20
13 389
14 59
14 110
14 194
14 195
14 196
14 536
15 56
15 57
15 58
15 59
15 60
15 195
15 536
16 65
17 74
17 76
17 124
17 143
17 289
17 290
17 291
17 316
17 469
17 509
17 555
17 600
18 25
18 36
18 37
18 38
18 39
18 183
18 212
18 253
18 511
18 542
19 56
19 57
19 58
19 59
19 60
19 196
20 125
20 289
20 290
20 291
20 316
20 509
20 555
21 25
21 97
21 98
21 99
21 121
21 220
21 253
21 511
21 542
22 51
22 56
22 57
22 58
22 59
22 60
22 194
22 195
22 196
22 536
23 58
23 110
24 58
24 110
24 196
24 536
25 181
26 119
26 146
26 186
26 198
26 263
26 283
26 311
26 324
26 337
26 349
26 404
26 412
26 418
26 425
26 436
26 441
26 447
26 452
26 472
26 478
26 518
26 534
26 551
26 563
26 578
27 69
27 70
27 71
27 153
27 154
27 155
27 156
28 89
28 94
28 256
28 374
29 138
29 140
29 159
29 163
29 169
29 179
29 215
29 409
29 416
29 423
30 138
30 159
30 162
30 163
30 169
30 215
30 278
30 294
30 306
30 347
30 356
30 360
30 375
30 392
30 402
30 409
30 416
30 423
30 455
30 514
30 529
31 123
31 151
31 164
31 165
31 166
31 167
31 211
31 232
31 257
31 295
31 307
31 322
31 324
31 334
31 348
31 376
31 403
31 410
31 417
31 441
31 456
31 498
31 515
31 531
31 546
31 560
31 574
32 56
32 57
32 58
32 59
32 60
32 144
32 150
32 151
32 164
32 211
32 232
32 257
32 295
32 307
32 322
32 348
32 376
32 403
32 417
32 456
32 498
32 515
32 531
32 546
32 560
32 574
33 51
33 94
33 109
33 110
33 377
34 96
34 135
34 143
34 167
34 258
34 259
34 280
34 323
34 378
34 457
34 547
35 37
35 95
35 97
35 134
35 135
35 136
35 137
35 165
35 166
35 167
35 222
35 233
35 258
35 280
35 297
35 308
35 323
35 378
35 457
35 461
35 547
36 105
36 106
36 143
36 167
36 181
36 234
36 260
36 281
36 309
36 335
36 367
36 393
36 424
36 432
36 434
36 440
36 446
36 451
36 471
36 491
36 516
36 532
36 548
36 549
36 575
37 143
37 167
37 181
37 234
37 260
37 281
37 309
37 335
37 367
37 411
37 424
37 432
37 434
37 440
37 446
37 451
37 462
37 471
37 476
37 481
37 486
37 491
37 499
37 516
37 548
37 575
38 166
38 167
38 186
38 234
39 97
39 98
39 142
39 143
39 167
39 181
39 234
39 260
39 281
39 309
39 335
39 367
39 424
39 432
39 434
39 440
39 446
39 451
39 462
39 471
39 491
39 499
39 516
39 532
39 548
39 575
40 46
40 83
40 101
40 113
41 46
41 83
41 101
41 112
41 113
42 51
42 52
43 103
43 107
43 238
43 262
44 103
44 107
44 238
45 50
45 63
45 90
45 93
45 104
45 105
45 115
45 143
45 144
45 152
45 156
45 213
45 263
45 269
45 324
45 337
45 349
45 376
45 393
45 394
45 404
45 412
45 425
45 436
45 441
45 447
45 452
45 472
45 478
45 487
45 489
45 492
45 518
45 519
45 534
45 560
45 563
45 578
46 89
46 107
46 114
47 86
47 87
47 88
47 264
48 86
48 88
48 264
49 108
49 125
49 142
49 228
49 240
50 75
50 93
50 124
50 125
50 142
50 143
50 145
50 146
50 147
50 216
50 228
50 239
50 284
50 299
50 312
50 350
50 380
50 393
50 464
50 502
50 519
50 535
50 552
50 565
50 595
51 100
51 101
51 110
51 120
51 241
51 266
52 101
52 109
52 110
52 120
53 111
53 120
53 267
54 56
54 57
54 58
54 59
54 60
54 69
54 70
54 109
54 113
55 71
55 109
55 110
55 112
55 113
56 65
56 143
56 149
56 155
56 196
56 202
56 242
56 268
56 285
56 325
56 340
56 341
56 368
56 395
56 465
56 580
57 65
57 142
57 143
57 149
57 155
57 196
57 201
57 202
57 217
57 224
57 242
57 268
57 285
57 325
57 340
57 351
57 368
57 369
57 382
57 395
57 465
57 596
58 65
58 115
58 143
58 149
58 155
58 202
58 242
58 268
58 285
58 325
58 337
58 340
58 368
58 382
58 395
58 457
58 465
58 580
58 581
59 65
59 115
59 116
59 117
59 143
59 149
59 155
59 202
59 242
59 268
59 285
59 325
59 340
59 368
59 395
59 465
60 65
60 143
60 149
60 155
60 196
60 202
60 242
60 268
60 285
60 325
60 340
60 368
60 395
60 465
61 93
61 141
61 150
61 244
61 269
61 286
61 301
61 313
61 326
61 383
61 466
61 503
61 520
61 537
61 566
62 119
62 151
62 286
62 313
62 326
62 566
63 92
63 93
63 244
63 269
63 286
63 301
63 313
63 326
63 383
63 393
63 466
63 503
63 520
63 537
63 566
63 582
64 103
64 120
65 81
65 108
65 121
65 183
65 188
65 246
65 270
65 287
65 302
65 314
65 327
65 342
65 357
65 365
65 385
65 449
65 453
65 474
65 482
65 485
65 496
65 519
65 522
65 538
65 553
65 567
65 583
66 130
66 248
66 386
67 122
67 139
67 140
67 162
67 163
67 248
67 386
68 81
68 82
68 122
68 131
68 138
68 247
68 248
68 386
69 73
69 148
69 175
69 184
69 187
69 190
69 205
69 206
69 209
69 249
69 271
69 282
69 288
69 298
69 303
69 310
69 315
69 344
69 353
69 358
69 366
69 372
69 387
69 398
69 438
69 505
69 523
69 577
69 584
69 593
70 73
70 177
70 184
70 187
70 190
70 205
70 206
70 209
70 249
70 271
70 282
70 288
70 298
70 303
70 310
70 315
70 344
70 353
70 358
70 366
70 372
70 387
70 398
70 438
70 505
70 523
70 577
70 584
70 593
71 73
71 153
71 182
71 184
71 187
71 190
71 194
71 200
71 204
71 205
71 206
71 209
71 249
71 271
71 282
71 288
71 298
71 303
71 310
71 315
71 344
71 353
71 358
71 366
71 372
71 387
71 398
71 438
71 505
71 523
71 539
71 561
71 577
71 584
71 593
72 157
72 468
72 508
73 92
73 93
74 134
74 135
74 136
74 142
74 272
74 555
74 568
75 76
75 135
75 142
75 272
75 585
76 85
76 97
76 135
76 137
76 142
76 143
76 272
76 391
76 525
76 555
76 568
76 585
77 126
78 85
78 144
78 155
78 178
78 191
78 252
78 292
78 304
78 390
78 569
78 570
78 572
78 586
79 85
79 155
79 159
79 178
79 192
79 252
79 292
79 572
79 586
80 85
80 153
80 154
80 155
80 156
80 165
80 166
80 167
80 178
80 191
80 252
80 292
80 391
80 572
80 586
80 601
81 84
81 86
81 88
81 163
81 178
81 230
81 254
81 275
81 293
81 305
81 320
81 354
81 373
81 400
81 408
81 415
81 421
81 429
81 433
81 439
81 512
81 527
81 543
81 557
81 573
81 587
82 84
82 86
82 230
82 254
82 275
82 293
82 305
82 320
82 354
82 400
82 408
82 415
82 421
82 429
82 433
82 439
82 512
82 543
82 557
82 573
82 587
83 132
83 276
84 85
84 130
84 133
84 135
84 136
84 137
84 277
85 86
85 96
85 136
85 140
85 161
85 231
85 255
85 391
85 513
85 528
85 544
85 559
85 569
85 570
86 87
86 88
86 126
87 88
87 131
88 126
88 137
88 160
89 256
90 138
90 140
90 162
90 163
90 278
90 294
90 306
90 321
90 347
90 356
90 360
90 375
90 392
90 393
90 402
90 423
90 450
90 455
90 514
90 529
90 545
91 138
91 140
91 179
92 98
92 99
92 115
92 153
92 154
92 155
92 156
92 164
92 166
92 180
92 232
92 257
92 295
92 307
92 322
92 334
92 348
92 376
92 431
92 456
92 498
92 515
92 531
92 546
92 560
92 574
92 591
93 96
93 115
93 156
93 164
93 180
93 182
93 232
93 257
93 279
93 285
93 288
93 295
93 307
93 322
93 334
93 348
93 358
93 362
93 376
93 393
93 417
93 431
93 451
93 456
93 498
93 505
93 515
93 523
93 531
93 546
93 560
93 574
95 98
95 135
95 161
95 214
95 233
95 259
95 280
95 296
95 323
95 378
95 457
95 547
96 97
96 98
96 99
96 106
96 137
96 160
96 161
96 214
96 233
96 258
96 280
96 296
96 308
96 323
96 378
96 457
96 458
96 459
96 460
96 461
96 547
97 105
97 106
97 115
97 163
97 166
97 258
97 260
97 281
97 309
97 335
97 367
97 393
97 424
97 432
97 434
97 440
97 446
97 451
97 462
97 471
97 475
97 476
97 481
97 486
97 499
97 516
97 532
97 548
97 575
97 588
98 104
98 115
98 116
98 117
98 166
98 186
98 260
98 281
98 309
98 335
98 367
98 411
98 424
98 432
98 434
98 440
98 446
98 451
98 462
98 471
98 475
98 477
98 481
98 486
98 499
98 516
98 532
98 548
98 575
98 588
99 104
99 115
99 142
99 143
99 186
99 475
99 477
99 481
99 486
100 107
101 107
101 132
102 109
102 110
103 238
103 262
104 144
104 168
104 169
104 170
104 213
104 263
104 283
104 311
104 324
104 337
104 349
104 393
104 404
104 412
104 418
104 425
104 436
104 441
104 447
104 452
104 472
104 478
104 489
104 494
104 518
104 534
104 551
104 563
104 578
105 108
105 138
105 162
105 163
105 170
105 213
105 263
105 283
105 311
105 324
105 337
105 349
105 393
105 404
105 412
105 418
105 423
105 425
105 436
105 441
105 447
105 452
105 472
105 478
105 489
105 494
105 518
105 534
105 551
105 563
105 578
106 143
106 144
106 166
106 170
106 178
106 213
106 263
106 281
106 337
106 347
106 393
106 404
106 412
106 418
106 425
106 432
106 436
106 441
106 447
106 452
106 472
106 475
106 478
106 489
106 494
106 578
108 216
108 239
108 299
108 312
108 380
108 464
108 519
108 535
108 552
108 565
108 579
109 241
109 266
109 381
112 115
112 116
112 117
112 153
112 154
112 155
112 156
113 116
113 156
115 149
115 174
115 182
115 242
115 268
115 285
115 325
115 340
115 341
115 351
115 362
115 364
115 368
115 395
115 448
115 465
116 149
116 174
116 182
116 229
116 242
116 268
116 285
116 325
116 340
116 362
116 368
116 395
116 448
116 465
117 149
117 173
117 174
117 182
117 202
117 268
117 285
117 325
117 362
117 368
117 395
117 448
117 465
118 151
118 169
118 244
118 269
118 286
118 313
118 326
118 520
118 566
119 169
119 170
119 244
119 269
119 286
119 313
119 326
119 383
119 466
119 503
119 520
119 537
119 566
120 384
121 152
121 176
121 177
121 197
121 270
121 287
121 302
121 314
121 327
121 342
121 357
121 365
121 449
121 453
121 474
121 482
121 485
121 488
121 490
121 493
121 522
121 538
121 553
121 567
121 583
121 598
122 138
122 247
122 248
122 386
123 154
123 184
123 190
123 204
123 205
123 206
123 208
123 210
123 249
123 271
123 282
123 288
123 298
123 303
123 344
123 353
123 358
123 387
123 406
123 414
123 505
123 523
123 577
124 137
124 272
124 525
124 555
124 568
124 585
125 134
125 135
125 136
125 137
125 272
125 525
125 568
125 585
126 273
127 161
127 185
127 252
127 318
127 330
127 390
127 470
128 158
128 159
128 161
128 178
128 185
128 252
128 318
128 330
128 470
129 160
129 161
129 185
129 252
129 274
129 318
129 330
129 345
129 470
130 159
130 174
130 191
130 192
130 225
130 230
130 254
130 264
130 275
130 293
130 305
130 320
130 331
130 346
130 354
130 359
130 373
130 400
130 408
130 415
130 421
130 429
130 454
130 512
130 527
130 543
130 557
130 569
130 570
130 573
130 587
131 230
131 254
131 275
131 293
131 305
131 320
131 354
131 373
131 400
131 408
131 415
131 421
131 429
131 433
131 439
131 512
131 527
131 543
131 557
131 573
131 587
132 276
133 277
134 544
134 558
135 160
135 231
135 255
135 391
135 513
135 544
135 558
136 137
136 160
136 161
136 231
136 255
136 391
136 513
136 544
136 558
136 559
137 160
137 231
137 255
137 391
137 513
137 528
137 544
137 558
138 139
138 144
138 162
138 178
138 193
138 278
138 294
138 306
138 347
138 356
138 360
138 375
138 392
138 402
138 409
138 422
138 423
138 430
138 455
138 514
138 529
139 144
139 162
139 163
139 423
139 430
140 143
140 144
140 162
140 179
140 278
140 294
140 306
140 332
140 333
140 347
140 356
140 360
140 375
140 392
140 402
140 423
140 430
140 455
140 529
140 545
141 190
141 227
141 232
141 257
141 279
141 295
141 307
141 322
141 334
141 348
141 376
141 456
141 498
141 515
141 531
141 546
141 560
141 574
142 144
142 260
142 281
142 309
142 335
142 367
142 424
142 432
142 434
142 440
142 446
142 451
142 462
142 471
142 484
142 499
142 516
142 532
142 548
142 575
142 588
142 592
143 144
143 154
143 174
143 181
143 260
143 281
143 309
143 335
143 367
143 388
143 424
143 432
143 434
143 440
143 446
143 451
143 462
143 471
143 484
143 499
143 516
143 532
143 548
143 575
144 147
144 170
144 207
144 263
144 283
144 307
144 311
144 324
144 337
144 349
144 361
144 404
144 412
144 418
144 423
144 425
144 436
144 441
144 447
144 452
144 472
144 478
144 487
144 492
144 495
144 501
144 518
144 534
144 551
144 563
144 578
144 594
145 176
146 169
146 203
146 223
146 239
146 265
146 284
146 299
146 312
146 380
146 464
146 519
146 535
146 552
146 565
147 223
147 239
147 265
147 284
147 299
147 312
147 380
147 464
147 502
147 519
147 535
147 552
147 565
148 194
148 242
148 268
148 285
148 325
148 341
148 368
148 369
148 395
148 465
149 174
149 194
149 195
149 196
149 268
149 285
149 325
149 368
149 395
149 465
151 244
151 269
151 383
151 466
151 503
151 520
151 537
151 582
151 597
152 173
152 199
152 270
152 287
152 302
152 314
152 327
152 342
152 357
152 365
152 393
152 449
152 453
152 474
152 482
152 485
152 497
152 522
152 538
152 553
152 567
152 583
153 204
153 206
153 226
153 249
153 271
153 282
153 288
153 298
153 303
153 310
153 344
153 353
153 366
153 505
153 523
153 577
154 190
154 200
154 205
154 206
154 226
154 271
154 282
154 288
154 303
154 310
154 344
154 353
154 366
154 387
154 505
154 523
154 577
155 200
155 204
155 205
155 206
155 226
155 249
155 271
155 282
155 288
155 298
155 303
155 310
155 315
155 329
155 344
155 353
155 358
155 366
155 387
155 428
155 505
155 523
155 539
155 569
155 570
155 577
155 593
155 599
156 174
156 200
156 205
156 206
156 226
156 249
156 271
156 282
156 288
156 298
156 303
156 310
156 315
156 344
156 353
156 358
156 366
156 387
156 505
156 523
156 539
156 577
156 593
157 176
157 203
157 250
157 388
157 399
157 468
157 507
157 524
157 540
157 554
158 470
158 569
158 570
158 586
159 163
159 191
159 470
159 586
161 255
161 391
162 178
162 193
162 278
162 294
162 306
162 347
162 356
162 360
162 375
162 392
162 402
162 409
162 422
162 430
162 455
162 514
162 529
162 545
163 178
163 179
163 193
163 294
163 306
163 347
163 356
163 360
163 375
163 409
163 422
163 423
163 425
163 430
163 455
163 529
164 403
164 417
164 431
165 281
166 186
166 260
166 281
166 309
166 335
166 367
166 424
166 432
166 434
166 440
166 446
166 451
166 471
166 476
166 481
166 486
166 491
166 499
166 516
166 532
166 540
166 548
166 575
167 260
167 281
167 309
167 335
167 411
167 424
167 432
167 434
167 471
167 476
167 477
167 481
167 486
167 491
167 499
167 532
167 540
167 575
168 197
168 198
168 199
168 263
168 311
168 324
168 337
168 404
168 412
168 418
168 425
168 436
168 441
168 447
168 452
168 472
168 478
168 518
168 534
168 563
168 578
169 186
169 198
169 263
169 283
169 311
169 324
169 337
169 349
169 404
169 412
169 418
169 425
169 436
169 441
169 447
169 452
169 472
169 478
169 518
169 534
169 551
169 563
169 578
170 198
171 202
171 242
171 328
171 341
171 368
171 369
171 465
172 182
172 242
172 268
172 285
172 325
172 368
172 395
172 465
172 479
173 202
173 242
173 268
173 285
173 325
173 368
173 395
173 465
174 202
174 242
174 268
174 285
174 325
174 340
174 368
174 395
174 442
174 443
174 444
174 465
174 479
175 182
175 183
175 202
175 270
175 287
175 302
175 314
175 327
175 342
175 357
175 365
175 449
175 453
175 482
175 485
175 522
175 538
175 553
175 567
175 583
176 202
177 184
177 371
177 397
177 438
177 584
178 192
178 219
178 319
178 330
178 423
178 510
178 526
178 541
178 556
178 587
179 278
179 294
179 306
179 332
179 333
179 347
179 356
179 360
179 375
179 392
179 402
179 514
179 529
180 227
180 279
181 483
182 187
182 194
182 195
182 196
182 201
183 199
183 203
183 467
184 190
184 407
184 414
184 420
184 603
185 192
185 510
185 526
185 541
186 234
186 260
186 281
186 309
186 335
186 367
186 424
186 432
186 434
186 440
186 446
186 451
186 462
186 471
186 483
186 499
186 516
186 532
186 548
186 575
187 194
187 195
187 196
187 202
187 363
187 364
188 199
188 203
188 246
188 352
188 370
188 396
188 405
188 413
188 419
188 427
188 437
188 445
188 480
188 589
189 199
189 203
189 246
189 352
189 370
189 385
189 396
189 405
189 413
189 419
189 427
189 437
189 480
189 496
189 504
190 602
191 292
191 304
191 571
192 292
192 304
192 571
197 203
197 352
197 370
197 396
197 405
197 413
197 419
197 427
197 437
197 445
197 467
197 480
197 590
198 203
198 352
198 370
198 396
198 405
198 413
198 419
198 427
198 437
198 445
198 467
198 480
199 352
199 370
199 396
199 405
199 413
199 419
199 427
199 437
199 445
199 467
199 480
199 590
200 603
202 479
203 497
204 602
205 235
205 261
205 379
205 463
205 500
205 517
205 533
205 550
205 561
206 235
206 261
206 379
206 463
206 500
206 517
206 533
206 550
206 561
208 235
208 261
208 379
208 463
208 500
208 517
208 533
208 550
208 561
209 210
212 220
213 221
218 225
226 412
235 236
235 237
235 282
235 298
235 310
235 577
235 593
242 243
245 246
249 271
249 288
249 303
249 387
249 505
249 523
249 539
261 282
261 298
261 310
261 577
261 593
265 595
268 341
275 557
278 545
282 379
282 463
282 500
282 517
282 533
282 550
282 561
285 341
286 313
294 545
298 379
298 463
298 500
298 517
298 533
298 550
298 561
299 300
306 545
310 517
310 533
310 550
315 344
316 317
325 341
335 336
337 338
337 339
342 343
344 353
344 358
344 366
347 423
347 545
354 355
356 423
356 545
360 545
368 369
375 545
379 577
382 395
392 545
393 404
393 412
393 436
393 478
393 487
400 401
402 545
404 425
425 426
434 435
455 545
463 577
463 593
472 473
475 477
476 477
500 577
500 593
505 506
507 508
514 545
517 577
517 593
520 521
529 530
529 545
533 577
533 593
550 577
550 593
561 562
561 577
561 593
563 564
575 576
