0 1
0 2
0 3
0 4
0 5
0 24
0 25
0 26
1 52
2 4
2 121
2 129
2 137
3 4
3 137
4 5
5 121
6 7
6 9
6 124
8 10
8 72
8 126
9 10
9 65
9 72
9 73
9 125
9 126
9 127
10 102
10 103
10 125
10 126
11 70
11 71
12 14
12 15
12 16
12 17
12 18
12 19
12 65
12 72
12 73
12 94
13 15
13 16
13 17
13 18
13 94
14 44
14 93
15 19
15 20
15 21
15 22
15 44
15 92
15 93
16 19
16 20
16 21
16 22
16 44
17 22
17 44
17 93
22 38
22 39
23 25
23 26
23 32
23 114
23 115
24 26
24 30
24 31
24 32
24 114
24 115
26 27
28 32
28 33
28 36
29 32
29 36
29 129
30 31
30 32
30 33
30 36
31 109
32 33
32 109
33 137
34 36
34 55
34 102
34 103
34 130
34 131
35 36
35 53
35 54
35 55
35 102
35 103
35 130
35 131
36 42
36 43
36 130
36 131
37 42
37 43
37 44
37 45
37 47
38 40
39 41
39 42
39 43
39 45
39 132
40 42
40 43
40 132
41 42
41 43
41 44
41 45
41 130
42 44
42 46
42 48
42 102
42 103
43 46
43 47
43 48
43 102
43 103
43 132
44 46
44 48
44 52
44 70
45 46
45 47
45 48
45 51
45 52
45 68
45 69
45 70
45 71
45 132
46 47
46 48
46 49
47 49
48 49
50 52
52 137
53 56
53 57
53 60
53 105
54 56
54 57
54 59
54 60
54 105
54 140
55 57
55 58
55 59
55 60
55 105
56 59
56 60
56 107
56 140
56 141
57 59
57 106
57 107
61 62
61 63
61 65
61 72
61 73
61 143
62 63
62 95
62 143
64 70
64 73
64 74
65 66
65 71
65 87
66 73
67 72
67 73
68 82
69 82
69 144
70 82
70 145
71 72
71 73
71 80
71 81
71 82
71 145
72 86
72 87
72 119
72 145
73 87
73 119
74 75
76 82
77 81
77 83
77 89
77 91
77 147
78 81
78 82
78 83
78 89
78 90
78 91
78 148
78 153
79 80
79 81
79 82
79 83
79 91
79 148
80 85
80 88
80 91
80 158
81 85
81 88
81 91
82 85
82 86
82 87
82 88
82 90
82 91
82 156
83 84
83 85
83 86
83 87
83 157
83 158
84 86
85 86
85 87
86 102
86 117
86 118
86 146
86 148
86 153
86 154
86 155
86 156
86 158
87 102
87 103
87 117
87 153
87 155
87 158
88 89
91 159
93 142
94 95
94 161
95 96
95 161
97 99
97 100
98 99
98 100
99 100
100 101
100 102
100 103
101 102
101 103
101 162
102 104
103 104
104 164
105 166
106 110
106 112
106 168
106 169
106 170
107 108
107 109
107 110
107 111
107 112
107 168
107 169
107 170
108 110
108 112
108 170
109 110
109 112
109 168
109 170
109 171
110 113
112 113
116 117
116 119
118 119
120 135
121 129
121 137
122 123
122 164
123 125
123 126
126 127
128 130
130 131
130 133
130 134
130 137
130 138
131 134
131 136
133 138
134 135
134 136
136 138
139 140
139 169
140 168
140 169
141 169
146 152
146 153
146 155
146 156
147 151
148 151
148 155
148 156
148 158
149 151
149 152
150 152
153 156
153 158
154 155
154 156
155 156
156 158
156 160
162 163
162 164
163 164
165 168
166 167
168 169
