0 107
0 110
0 111
1 74
1 103
1 106
1 107
1 108
1 110
1 111
1 170
1 220
1 396
1 506
1 595
1 598
1 600
1 601
1 602
1 603
1 604
1 617
1 749
1 875
1 876
1 877
1 878
2 455
2 456
3 77
3 79
3 81
3 82
3 83
3 84
3 288
4 144
4 145
4 146
4 542
4 716
5 799
6 711
7 65
7 66
7 67
7 68
7 69
7 286
8 121
8 123
8 124
9 120
9 884
10 22
10 24
10 26
10 337
10 339
10 340
10 344
11 253
11 255
12 201
12 202
12 203
12 799
12 893
12 900
12 901
12 902
12 903
12 904
12 908
12 918
12 919
12 920
12 921
12 922
13 14
13 17
13 82
14 28
15 31
15 33
16 17
16 34
18 204
19 204
19 205
19 207
19 335
19 336
20 204
20 335
20 336
21 24
21 26
21 207
21 235
21 340
21 344
22 23
22 337
22 339
22 340
22 342
22 343
22 344
22 345
22 348
22 349
22 350
22 351
22 352
22 353
22 357
23 204
23 205
23 206
23 236
23 237
23 238
23 339
23 340
23 343
23 344
24 205
24 206
24 236
24 237
24 238
24 337
24 339
24 340
24 343
24 344
24 345
24 349
24 350
24 351
24 352
24 353
24 357
25 204
25 337
25 339
25 340
25 343
25 344
25 345
25 349
25 350
25 351
25 352
25 353
25 357
26 204
26 237
26 238
26 337
26 339
26 340
26 343
26 344
26 345
26 349
26 350
26 351
26 352
26 353
26 357
27 28
27 31
27 33
27 116
27 123
27 124
27 125
27 642
27 644
27 645
29 150
29 161
29 162
29 164
29 165
29 169
29 170
29 174
29 175
29 177
29 250
29 810
30 31
30 33
31 34
32 33
32 136
32 138
32 358
33 34
34 136
34 137
34 138
34 358
35 37
35 59
35 60
35 368
35 369
35 376
35 425
35 575
36 37
36 59
36 60
36 368
36 369
36 376
36 425
37 73
37 369
37 377
38 39
38 106
38 107
38 108
38 111
38 381
38 382
39 220
39 221
39 381
39 382
40 41
40 120
41 153
42 43
42 48
42 89
42 106
42 107
42 108
42 111
42 153
42 262
42 323
42 384
43 89
43 221
43 384
44 46
44 82
44 278
44 386
45 46
45 75
45 82
45 107
45 144
45 278
45 279
45 385
45 386
45 387
46 77
46 90
46 107
46 278
46 279
46 386
46 387
47 48
47 114
47 261
47 281
47 390
48 262
48 280
48 281
48 390
49 51
49 132
49 139
49 140
49 419
50 51
50 130
50 132
50 133
50 139
50 140
50 282
50 284
50 362
50 417
50 419
50 421
51 71
51 72
51 283
51 285
51 417
51 419
51 420
51 421
52 53
52 63
53 61
53 62
53 65
53 66
53 67
53 72
53 87
53 88
53 115
53 116
53 189
53 430
53 431
53 433
53 434
53 435
53 438
53 441
53 442
53 443
53 886
54 434
55 60
56 60
57 60
58 59
58 60
59 61
59 62
59 63
59 67
59 431
59 433
59 434
59 435
59 438
59 441
59 442
59 450
60 61
60 62
60 63
60 64
60 66
60 67
60 68
60 72
60 115
60 143
60 215
60 226
60 430
60 432
60 433
60 434
60 435
60 437
60 438
60 439
60 441
60 442
60 443
60 886
61 63
61 68
61 69
61 88
61 110
61 116
61 133
61 143
61 148
61 174
61 214
61 215
61 225
61 226
61 242
61 245
61 430
61 431
61 432
61 437
61 438
61 439
61 442
61 832
62 63
62 68
62 69
62 140
62 143
62 148
62 215
62 225
62 226
62 238
62 242
62 243
62 244
62 245
62 430
62 432
62 437
62 438
62 439
62 450
63 65
63 66
63 67
63 71
63 72
63 88
63 115
63 116
63 117
63 171
63 215
63 226
63 300
63 430
63 431
63 433
63 434
63 435
63 438
63 441
63 442
63 443
63 450
63 886
65 68
65 69
65 170
65 189
65 242
65 243
65 244
65 245
65 286
65 287
65 608
66 68
66 69
66 189
66 228
66 243
66 244
66 286
66 287
66 608
67 68
67 69
67 116
67 180
67 189
67 242
67 243
67 244
67 286
67 287
67 575
67 608
67 858
68 75
68 82
68 89
68 130
68 131
68 132
68 133
68 135
68 140
68 144
68 146
68 148
68 244
68 286
69 75
69 82
69 131
69 132
69 133
69 286
70 71
70 72
71 73
71 456
72 73
72 285
72 456
72 699
73 144
73 145
73 146
73 188
73 393
73 455
73 693
73 699
73 701
74 75
74 76
74 77
74 83
74 84
74 168
74 169
74 170
74 460
74 462
75 76
75 77
75 81
75 82
75 83
75 84
75 85
75 89
75 92
75 151
75 152
75 159
75 220
75 221
75 252
75 288
75 293
75 461
75 483
75 485
76 82
76 89
76 159
76 170
76 220
76 221
77 78
77 81
77 82
77 83
77 85
77 89
77 119
77 159
77 220
77 221
77 279
77 288
77 289
77 290
77 291
77 292
77 293
77 294
77 386
77 461
77 463
77 469
77 473
77 474
77 481
77 483
77 484
77 512
77 525
77 526
77 638
77 887
78 83
78 84
79 82
79 83
79 84
79 288
79 289
79 290
79 291
79 292
79 293
79 294
79 473
79 474
79 480
79 483
79 484
79 887
80 81
80 107
81 82
81 83
81 84
81 86
81 107
81 288
81 289
81 290
81 291
81 292
81 293
81 294
81 473
81 474
81 480
81 483
81 484
81 887
82 83
82 84
82 85
82 89
82 92
82 151
82 152
82 252
82 257
82 279
82 288
82 289
82 290
82 293
82 294
82 473
82 474
82 477
82 481
82 483
82 485
82 526
82 640
82 683
83 85
83 169
83 220
83 288
83 289
83 290
83 291
83 292
83 293
83 294
83 473
83 474
83 480
83 483
83 484
83 887
84 85
84 92
84 170
84 288
84 289
84 290
84 291
84 292
84 293
84 294
84 473
84 474
84 477
84 480
84 481
84 483
84 484
84 887
85 107
85 254
86 107
86 146
87 88
87 196
87 208
87 209
87 210
87 211
87 295
87 296
87 493
87 500
87 501
87 805
87 917
87 918
88 209
88 211
88 295
88 297
88 433
88 500
89 90
89 107
89 119
89 144
89 174
89 298
89 523
89 525
89 526
89 527
89 638
89 773
90 119
90 190
90 191
90 298
90 523
90 525
90 526
90 527
90 528
91 92
91 214
91 560
91 561
91 562
91 563
92 191
92 214
92 215
92 558
92 559
92 560
92 561
92 562
93 96
93 99
93 302
93 578
93 582
93 583
93 585
93 586
93 590
94 97
95 97
95 98
95 99
95 117
95 164
95 196
95 201
95 202
95 203
95 210
95 302
95 577
95 579
95 582
95 583
95 585
95 591
95 592
96 97
96 98
96 99
96 115
96 116
96 117
96 192
96 202
96 203
96 302
96 536
96 537
96 577
96 579
96 582
96 583
96 585
96 591
96 592
97 98
97 99
97 302
97 578
97 582
97 583
97 585
97 586
97 590
98 192
98 541
98 585
99 192
99 302
99 578
99 582
99 583
99 585
99 586
100 108
100 220
100 221
100 945
100 956
101 106
101 107
101 108
101 111
101 220
101 221
102 103
102 104
102 110
103 106
103 107
103 108
103 110
103 111
103 600
103 601
103 603
105 106
105 107
105 110
105 111
106 109
106 110
106 144
106 145
106 146
106 170
106 220
106 221
106 364
106 600
106 602
107 109
107 110
107 112
107 119
107 144
107 145
107 146
107 152
107 191
107 220
107 221
107 253
107 255
107 279
107 288
107 293
107 298
107 364
107 385
107 477
107 483
107 512
107 513
107 525
107 526
107 527
107 528
107 600
107 602
107 749
108 109
108 110
108 146
108 221
108 364
108 600
108 602
109 111
109 169
109 170
109 226
109 365
110 111
110 113
110 164
110 168
110 169
110 170
110 174
110 186
110 220
110 225
110 226
110 365
110 396
110 508
110 600
110 601
110 603
111 144
111 146
111 220
111 221
111 364
111 600
111 602
113 114
113 225
113 226
113 605
113 606
114 605
115 117
115 164
115 170
115 174
115 175
115 610
115 611
115 614
115 615
116 117
116 121
116 122
116 124
116 164
116 173
116 174
116 175
116 202
116 203
116 244
116 610
116 611
116 614
116 615
116 642
116 752
117 118
117 121
117 122
117 164
117 168
117 169
117 170
117 196
117 201
117 202
117 203
117 209
117 610
117 611
117 614
117 615
118 193
119 120
119 221
119 429
119 635
119 636
119 640
119 747
119 884
120 174
120 248
120 634
120 636
120 637
120 638
120 640
120 870
121 123
121 124
121 139
121 164
121 304
121 642
121 644
121 645
122 123
122 124
122 125
122 126
122 139
122 140
122 175
122 304
122 642
122 644
122 645
123 127
123 132
123 139
123 140
123 143
123 144
123 148
123 303
123 304
123 305
123 642
123 644
123 646
124 127
124 132
124 139
124 140
124 143
124 147
124 148
124 303
124 304
124 305
124 306
124 642
124 644
124 646
124 651
124 655
124 660
128 135
129 140
129 655
129 660
130 139
130 307
130 656
130 660
131 135
131 136
131 138
131 139
131 141
131 142
131 145
131 306
131 307
131 647
131 651
131 653
131 655
131 658
131 659
131 660
132 135
132 136
132 138
132 139
132 140
132 141
132 142
132 145
132 306
132 307
132 647
132 650
132 651
132 653
132 654
132 655
132 658
132 659
132 660
133 135
133 136
133 138
133 139
133 140
133 145
133 146
133 148
133 157
133 306
133 307
133 647
133 650
133 651
133 653
133 654
133 655
133 658
133 659
133 671
134 135
134 140
134 307
134 518
134 651
134 653
134 655
134 660
134 743
135 139
135 140
135 148
135 306
135 307
135 518
135 648
135 650
135 651
135 653
135 655
135 658
135 660
135 662
135 743
136 139
136 140
136 145
137 139
139 140
139 148
139 306
139 307
139 648
139 650
139 651
139 653
139 654
139 655
139 656
139 658
139 660
140 146
140 148
140 306
140 307
140 648
140 650
140 651
140 653
140 654
140 655
140 660
143 144
143 146
143 147
143 157
143 642
144 148
144 157
144 185
144 186
144 254
144 386
144 387
144 465
144 473
144 475
144 477
144 480
144 483
144 523
144 662
144 689
145 148
145 157
145 185
145 186
146 148
146 157
146 185
146 186
146 307
146 473
146 481
146 513
146 523
146 662
146 689
147 148
148 646
149 152
149 172
150 152
150 167
150 171
150 172
150 891
152 892
153 154
153 683
153 684
153 685
154 249
154 684
155 156
155 157
155 170
155 220
155 221
155 308
155 596
155 689
155 690
155 691
155 827
155 888
155 945
156 689
157 309
157 688
157 689
157 690
158 159
158 192
158 579
159 191
159 192
160 164
160 173
160 174
160 175
161 171
161 172
162 167
162 171
162 172
163 169
163 170
164 166
164 167
164 168
164 169
164 170
164 171
164 172
164 173
164 184
164 190
164 191
164 196
164 201
164 202
164 207
164 208
164 209
164 210
164 211
164 240
164 241
164 277
164 709
164 710
164 711
164 712
164 776
164 811
164 814
165 167
165 171
165 172
166 174
166 175
167 169
167 170
167 174
167 175
167 177
167 190
167 241
167 250
167 628
167 709
167 710
167 711
167 712
167 810
168 172
168 174
168 917
169 172
169 174
169 175
169 208
169 250
169 614
169 628
169 709
169 710
169 711
169 712
169 791
169 806
170 172
170 173
170 174
170 175
170 176
170 202
170 209
170 224
170 226
170 365
170 600
170 709
170 710
170 711
170 712
171 173
171 174
171 175
171 176
171 177
171 194
171 209
171 250
171 492
171 493
171 810
171 891
172 174
172 177
172 250
172 710
172 711
172 810
173 174
173 175
173 190
173 194
173 208
173 240
173 241
173 710
173 711
174 177
174 184
174 190
174 191
174 194
174 207
174 208
174 209
174 210
174 240
174 241
174 277
174 433
174 518
174 627
174 709
174 710
174 711
174 712
174 846
174 903
174 917
174 919
175 190
175 194
175 208
175 209
175 210
175 211
175 240
175 241
175 316
175 709
175 710
175 711
175 712
178 179
178 180
178 182
179 182
179 242
179 243
179 244
179 245
179 717
179 723
179 726
179 727
179 821
180 181
180 182
180 183
180 242
180 243
180 244
180 245
180 717
180 718
180 721
180 722
180 723
180 724
180 725
180 726
180 727
180 821
180 822
181 183
181 717
181 723
182 183
182 186
182 718
182 721
182 722
182 723
182 724
182 725
182 726
182 727
183 185
183 186
183 310
183 311
183 728
183 729
183 730
183 731
184 185
184 186
184 187
184 196
184 208
184 209
184 210
184 211
184 759
184 760
184 761
185 760
185 761
186 208
186 209
186 719
186 759
186 760
186 761
188 189
188 424
189 408
189 568
189 575
189 762
190 192
190 202
190 209
190 314
190 316
190 776
190 777
190 778
190 885
191 192
191 314
191 316
191 483
191 776
191 777
191 778
191 885
192 315
192 317
192 530
192 541
192 776
192 778
195 196
196 199
196 202
196 203
196 208
196 209
196 799
196 800
196 802
196 803
196 805
196 809
196 890
196 917
196 918
196 919
197 207
198 204
200 201
200 203
200 208
200 209
200 213
200 799
200 800
200 802
200 803
200 805
200 809
200 890
200 917
200 918
200 919
200 920
201 204
201 205
201 206
201 209
201 210
201 799
201 800
201 802
201 804
201 806
201 917
201 921
201 922
202 203
202 204
202 207
202 208
202 209
202 210
202 211
202 583
202 799
202 800
202 802
202 804
202 806
202 917
202 921
202 922
203 204
203 205
203 207
203 209
203 210
203 799
203 800
203 802
203 804
203 806
203 917
203 921
203 922
204 207
204 208
204 209
204 210
204 211
204 331
205 209
205 210
205 211
205 245
205 331
206 208
206 210
206 211
206 331
207 208
207 209
207 210
207 211
207 212
207 343
208 502
208 721
208 799
208 800
208 802
208 803
208 805
208 890
208 917
208 918
208 919
208 920
209 241
209 711
209 799
209 805
209 917
209 918
210 799
210 800
210 802
210 803
210 805
210 890
210 917
210 918
210 919
210 920
211 799
211 800
211 802
211 803
211 805
211 890
211 917
211 918
211 919
211 920
214 215
214 560
214 829
214 834
214 835
215 829
215 830
215 832
215 833
215 835
216 220
216 221
217 219
217 220
217 221
217 225
217 226
217 319
217 320
217 923
217 957
217 958
218 224
219 224
220 223
220 224
220 225
220 226
220 319
220 320
220 689
220 956
221 222
221 223
221 224
221 225
221 226
221 279
221 298
221 319
221 320
221 386
221 468
221 473
221 474
221 477
221 480
221 481
221 485
221 523
221 525
221 526
221 614
221 887
221 956
222 225
222 320
223 225
224 226
224 319
224 320
224 923
224 957
224 958
226 319
226 320
226 605
226 923
226 957
226 958
227 242
227 243
227 244
227 245
228 230
228 231
228 240
228 241
228 242
228 243
228 244
228 245
228 247
228 818
228 819
228 820
228 847
228 849
228 851
228 852
228 854
228 855
228 858
229 240
231 232
231 233
231 234
231 239
231 242
231 243
231 244
231 245
233 277
235 240
235 242
235 243
235 244
236 240
236 241
236 242
236 243
236 244
236 245
237 241
237 244
237 245
238 241
238 242
238 243
238 244
238 245
239 240
239 241
239 242
239 243
239 244
239 245
239 818
239 819
239 820
239 841
239 843
239 847
239 849
239 851
239 852
239 854
239 855
239 858
240 241
240 242
240 243
240 244
240 245
240 277
240 844
240 846
240 849
240 852
240 854
240 855
240 856
240 858
240 860
241 242
241 243
241 244
241 277
241 395
241 844
241 845
241 846
241 849
241 852
241 853
241 854
241 855
241 856
241 858
241 860
242 243
242 244
242 245
242 246
242 853
242 859
243 246
243 841
243 843
243 847
243 849
243 851
243 852
243 854
243 855
243 856
243 858
243 859
244 246
244 560
244 841
244 843
244 845
244 847
244 849
244 851
244 852
244 854
244 855
244 856
244 858
244 859
245 246
245 841
245 843
245 847
245 849
245 851
245 852
245 854
245 855
245 856
245 858
245 859
248 249
248 866
248 870
249 869
250 251
252 253
252 255
253 254
254 255
255 256
255 257
255 258
256 258
259 264
260 263
260 264
261 266
261 268
262 265
262 266
262 267
262 268
263 266
263 267
263 268
264 266
264 268
264 269
266 268
270 397
270 506
271 820
271 821
271 822
272 846
272 847
272 848
273 376
273 377
274 689
275 800
276 807
277 551
277 841
277 846
277 847
277 849
277 851
277 852
277 853
277 854
277 856
277 858
278 279
278 385
278 386
278 387
278 388
278 389
279 386
282 419
283 419
295 296
295 297
298 519
298 520
298 521
298 522
298 523
299 539
299 541
300 539
300 541
301 539
301 541
302 577
302 579
302 583
302 585
303 304
306 307
307 652
310 731
311 731
312 738
312 742
312 743
313 743
315 316
316 774
317 774
318 795
318 796
319 320
321 860
322 860
323 383
323 384
323 825
324 377
325 368
325 369
325 370
326 376
326 377
327 409
328 422
329 564
330 564
331 332
333 350
334 350
336 343
337 339
337 340
337 344
338 357
339 340
339 342
339 343
339 344
339 345
339 347
339 348
339 349
339 350
339 351
339 352
339 353
339 355
339 356
339 357
340 342
340 343
340 344
340 345
340 347
340 348
340 349
340 350
340 351
340 352
340 353
340 354
340 357
341 343
341 344
342 343
342 344
342 345
342 349
342 350
342 352
342 353
343 344
343 345
343 347
343 348
343 349
343 350
343 351
343 352
343 353
343 355
343 356
343 357
344 345
344 347
344 348
344 349
344 350
344 352
344 353
344 355
344 356
344 357
345 346
345 347
345 348
347 349
347 350
347 352
347 353
348 349
348 350
348 351
348 353
348 357
351 357
352 357
359 360
360 456
361 456
362 864
363 364
363 365
364 365
364 366
365 367
368 377
368 409
368 575
369 377
369 409
369 575
370 377
370 408
370 409
370 575
371 377
372 376
372 377
373 377
374 377
375 377
376 379
377 378
377 379
380 397
381 382
385 386
385 387
386 387
391 392
391 743
393 742
394 395
395 846
395 847
396 397
397 457
397 506
397 517
397 702
398 400
398 414
399 400
400 409
400 422
401 409
402 409
403 409
404 409
405 409
406 409
407 409
408 880
408 882
409 410
409 411
409 412
409 413
409 415
409 416
417 419
417 421
417 518
418 419
422 423
422 424
422 425
422 499
424 426
424 568
425 426
426 503
427 428
427 429
427 634
427 635
427 640
430 432
430 433
430 435
431 432
431 433
432 434
432 435
432 437
432 438
432 439
432 441
432 442
432 443
432 449
432 451
432 514
433 434
433 435
433 436
433 437
433 438
433 439
433 441
433 442
433 443
433 449
433 451
433 498
434 437
434 438
434 443
434 450
435 438
437 438
438 733
439 440
440 441
442 608
442 687
443 444
443 445
443 446
443 447
443 448
452 454
453 454
454 455
454 456
455 456
455 497
455 713
455 871
456 458
459 740
460 462
460 463
461 462
461 463
464 702
465 483
466 483
467 483
468 483
469 483
470 483
471 483
472 483
473 477
473 483
474 483
475 483
476 483
477 483
478 483
479 481
480 483
481 483
482 483
483 484
483 485
483 513
486 488
487 489
487 491
487 492
488 489
488 490
488 491
488 493
489 491
489 492
489 493
490 492
491 493
492 500
493 501
494 497
495 497
496 497
500 501
502 726
502 727
504 593
504 601
504 736
505 736
506 507
506 508
506 599
506 600
508 599
509 513
510 513
511 513
512 513
515 516
516 748
523 524
523 525
523 526
523 527
523 528
529 586
530 531
530 539
530 541
531 539
531 541
532 535
533 539
533 541
534 539
534 541
535 539
535 541
535 583
536 537
536 538
536 539
537 541
537 582
537 583
537 585
538 541
538 583
538 585
539 540
539 541
539 583
539 585
542 544
543 544
545 659
545 660
546 554
546 555
547 554
547 555
548 554
548 555
549 554
549 555
550 554
550 555
551 552
551 554
551 555
552 553
553 554
553 555
553 851
556 557
556 558
556 560
556 838
556 839
556 873
557 561
557 816
558 559
558 561
558 816
560 561
560 562
560 563
560 679
560 680
560 839
560 872
561 816
564 565
564 566
564 567
564 568
564 569
564 570
564 571
564 572
564 573
564 574
564 575
568 575
568 879
576 680
576 862
577 579
577 583
577 585
578 579
578 582
578 583
578 585
579 582
579 583
579 584
579 585
579 586
580 582
581 585
582 583
582 585
583 586
585 586
587 589
587 590
588 589
588 590
588 591
588 592
589 590
589 591
589 592
590 591
590 592
593 736
594 829
594 831
594 832
596 597
597 698
600 602
600 603
600 737
601 602
601 603
601 736
605 606
605 607
608 609
610 611
610 615
612 614
613 614
616 617
618 622
618 623
619 622
619 623
620 622
620 623
621 622
621 623
622 625
622 626
622 628
622 630
622 631
623 628
624 628
625 628
625 799
626 628
626 630
626 799
628 629
628 630
628 631
628 711
628 799
632 633
632 716
634 639
634 641
635 638
635 639
635 641
635 748
636 637
636 638
636 640
636 768
638 748
639 768
642 643
642 644
642 646
644 645
644 646
647 651
647 653
647 655
647 659
647 660
648 651
648 655
648 659
648 660
649 659
650 651
650 659
650 660
651 655
651 659
651 660
653 660
654 660
655 659
655 660
655 667
655 670
655 772
656 659
656 667
657 669
657 670
658 667
658 671
659 661
659 662
659 668
659 671
660 662
660 667
660 668
660 671
661 662
661 664
663 664
664 667
664 668
664 670
664 671
664 673
665 667
665 668
665 670
666 667
666 668
666 670
667 669
667 670
671 672
674 676
674 678
675 678
676 678
677 678
678 796
679 681
679 861
680 831
680 832
682 683
683 684
683 686
684 685
689 690
689 691
689 697
689 716
689 732
690 691
690 692
690 695
690 716
694 695
694 696
698 699
698 701
699 700
699 701
701 828
703 709
704 709
705 709
706 709
707 709
708 711
709 710
709 711
710 711
710 712
710 781
710 791
710 795
711 712
711 791
711 795
711 811
711 814
714 716
715 716
717 718
717 719
717 722
717 723
717 724
717 725
717 726
717 727
718 723
718 725
718 726
718 727
719 721
720 721
721 723
721 725
721 726
721 727
722 726
722 727
723 724
723 725
723 726
723 727
724 725
724 726
724 727
725 726
725 730
725 770
725 771
726 731
726 769
727 731
727 769
728 731
729 730
729 731
730 731
733 734
735 736
738 741
739 741
740 742
740 743
740 744
740 745
741 743
743 744
744 863
744 864
746 748
747 748
750 751
751 760
753 760
754 760
755 760
756 760
757 760
758 760
759 766
763 764
763 765
764 766
767 768
770 771
775 776
776 777
776 778
779 791
780 791
781 791
782 791
783 791
784 791
785 791
786 791
787 791
788 791
789 791
790 803
791 793
792 800
793 796
793 800
794 797
795 797
796 797
798 799
799 800
799 801
799 802
799 803
799 804
799 805
799 917
799 918
799 919
800 802
800 803
800 804
800 812
802 805
802 806
803 805
807 808
807 809
807 810
808 809
808 810
809 810
811 812
811 813
811 814
811 815
812 814
817 821
817 822
818 821
819 821
820 821
820 822
820 823
820 824
821 822
821 823
821 824
826 828
829 833
829 834
829 835
829 836
829 837
830 837
832 833
832 834
832 835
832 836
832 837
833 835
836 838
836 839
837 838
837 839
838 840
839 840
841 846
841 847
842 849
846 849
846 851
846 853
846 858
847 849
847 851
847 853
847 858
849 850
849 853
852 853
853 856
853 858
857 858
859 860
864 865
866 869
866 870
867 869
867 870
868 869
873 874
879 880
879 881
879 882
879 883
888 889
893 918
894 919
894 920
894 921
894 922
895 919
895 920
895 921
895 922
896 919
896 920
896 921
896 922
897 919
897 920
897 921
897 922
898 919
898 920
898 921
898 922
899 919
899 920
899 921
899 922
900 918
901 918
902 918
903 918
904 918
905 919
905 920
905 921
905 922
906 919
906 920
906 921
906 922
907 919
907 920
907 921
907 922
908 918
909 919
909 920
909 921
909 922
910 919
910 920
910 921
910 922
911 919
911 920
911 921
911 922
912 919
912 920
912 921
912 922
913 919
913 920
913 921
913 922
914 919
914 920
914 921
914 922
915 919
915 920
915 921
915 922
916 919
916 920
916 921
916 922
918 919
918 920
918 921
918 922
923 946
923 948
923 949
923 950
923 951
923 952
923 954
923 956
923 957
923 958
923 959
924 955
925 956
925 957
925 958
926 956
926 957
926 958
927 956
927 957
927 958
928 956
928 957
928 958
929 956
929 957
929 958
930 956
930 957
930 958
931 957
931 958
932 956
932 957
932 958
933 956
934 956
934 957
934 958
935 956
935 957
935 958
936 956
936 957
936 958
937 956
937 957
937 958
938 956
938 957
938 958
939 956
939 957
939 958
940 956
940 957
941 956
941 957
941 958
942 956
942 957
943 956
944 957
944 958
945 956
945 957
945 958
946 959
947 959
948 959
949 956
949 959
950 959
951 959
952 959
953 959
954 959
955 957
955 958
956 957
956 958
956 959
957 959
958 959
