0 38
0 115
1 28
1 91
1 99
1 100
1 103
1 114
1 115
1 117
1 132
1 150
1 151
2 31
2 39
2 57
2 58
2 59
2 61
2 239
3 5
4 5
4 14
4 39
4 41
4 239
5 6
5 22
5 23
5 25
5 28
5 34
5 60
5 62
5 63
5 64
6 16
7 10
7 12
7 33
8 9
8 10
8 11
8 31
8 32
8 39
8 40
8 239
9 12
10 46
10 70
10 71
11 46
11 49
11 71
13 17
13 28
13 39
14 17
15 39
15 239
16 28
16 39
16 40
16 43
18 31
18 33
18 87
19 32
19 86
20 31
21 22
21 23
22 27
22 39
22 66
23 26
23 27
23 39
23 66
23 83
24 26
24 27
24 31
24 34
24 39
24 42
24 46
24 49
24 66
25 27
25 31
25 34
25 36
25 39
25 42
25 46
25 49
25 50
25 53
25 66
25 77
26 28
26 78
27 28
27 78
28 34
28 35
28 36
28 37
28 39
28 239
29 37
30 34
30 35
30 36
31 34
31 35
31 36
31 37
31 38
31 39
31 44
31 73
31 76
31 77
31 83
32 35
32 38
32 39
32 44
32 73
32 77
33 35
33 38
33 39
33 46
33 50
33 70
33 74
33 75
33 77
33 239
34 39
34 239
35 70
35 71
38 126
38 221
38 222
38 223
38 226
38 227
39 42
39 44
39 45
39 46
39 49
39 50
39 54
39 56
39 57
39 58
39 72
39 73
39 74
39 77
39 86
39 238
40 42
40 46
42 70
42 239
43 70
44 50
44 70
44 71
46 47
46 239
48 49
48 50
48 155
48 158
48 159
48 162
48 168
48 178
48 180
48 181
48 182
48 188
49 54
49 55
49 70
49 71
49 239
50 52
50 55
50 70
51 52
51 53
51 54
51 163
51 169
51 173
51 179
51 183
51 184
51 185
51 186
51 187
51 196
51 198
51 199
52 87
52 181
52 182
54 86
56 59
57 59
57 60
57 82
57 83
57 84
57 239
58 59
58 83
59 62
59 63
59 64
59 65
66 67
67 80
68 69
68 73
68 74
68 75
70 74
70 238
71 73
71 74
71 75
77 239
78 79
78 80
79 81
85 87
85 237
86 239
88 90
88 91
88 93
88 98
88 131
89 92
89 93
89 98
90 104
91 94
91 104
91 139
92 94
92 104
92 139
93 96
94 96
95 96
95 214
95 234
97 104
98 104
99 101
99 102
99 118
99 119
100 117
101 213
103 140
103 216
103 217
104 105
104 113
105 113
106 150
107 150
108 150
108 219
108 220
109 150
109 218
110 150
111 150
112 113
114 117
114 119
114 122
114 123
114 124
114 125
114 127
114 128
114 129
114 141
114 149
114 150
115 117
115 119
115 121
115 227
116 117
116 119
116 224
116 228
118 120
120 153
125 136
125 210
125 211
125 212
125 229
127 215
130 131
131 132
131 135
132 133
132 134
135 230
135 231
137 138
137 235
138 139
138 146
138 152
139 146
140 233
141 142
141 143
141 144
141 145
146 236
147 150
148 150
149 151
152 153
153 154
155 189
156 188
156 190
157 164
157 191
158 192
159 193
160 165
160 187
160 188
160 195
161 187
161 188
162 183
162 184
162 185
163 180
163 181
163 201
164 187
164 188
165 202
166 187
166 188
167 174
167 207
168 183
168 208
169 209
170 172
170 175
171 172
171 175
173 180
173 181
173 182
174 188
175 177
176 178
177 178
177 179
180 200
181 197
182 198
183 188
184 188
185 188
187 194
187 204
187 205
187 206
188 203
188 204
188 206
222 224
222 225
223 228
230 231
230 232
