0 16
0 590
0 591
0 592
1 197
1 198
1 199
2 18
2 292
2 330
2 331
2 332
2 333
2 335
2 338
2 339
2 340
2 345
2 346
2 349
2 350
2 351
2 352
2 353
2 354
2 355
2 356
2 357
2 358
2 359
2 360
2 361
2 362
2 363
2 364
2 365
2 366
2 621
3 242
3 243
4 194
4 485
4 488
4 489
4 490
4 491
4 492
4 493
4 494
4 495
4 496
4 497
4 498
4 499
4 500
4 501
4 502
4 503
4 504
4 505
5 150
5 166
5 538
5 539
6 490
6 491
6 505
7 144
7 148
7 149
7 150
7 151
7 152
7 153
7 154
7 155
7 156
7 157
7 158
7 159
7 160
7 161
7 162
7 163
8 330
8 507
8 508
8 509
8 510
8 511
8 512
8 513
8 514
8 515
8 516
8 517
8 518
8 519
8 520
8 521
8 522
9 72
9 73
9 74
9 75
9 79
9 80
9 81
9 82
9 83
9 308
10 58
10 59
10 60
10 62
10 63
10 65
10 66
11 17
11 221
11 223
11 224
11 225
11 226
11 227
11 228
11 229
11 230
11 231
11 232
11 233
11 479
12 309
12 310
12 313
12 315
12 316
12 317
12 319
12 320
12 321
12 361
13 164
13 165
13 167
13 168
13 169
13 171
13 172
13 173
14 38
14 39
14 42
14 49
14 50
14 51
14 52
14 55
14 56
14 57
15 21
15 454
15 455
15 458
15 459
15 460
15 461
16 18
16 345
16 346
16 593
16 615
17 221
18 330
18 331
18 332
18 333
18 334
18 345
18 346
18 526
19 148
19 149
20 78
20 527
21 454
21 455
21 458
21 459
21 460
21 461
22 112
22 113
22 114
22 119
22 127
22 621
23 24
23 25
23 26
23 27
23 28
23 29
23 30
23 31
23 32
23 33
23 34
23 35
24 30
24 31
24 34
24 35
25 30
25 31
25 34
25 35
26 30
26 31
26 34
26 35
27 30
27 31
27 34
27 35
28 34
28 35
28 36
28 70
28 71
28 189
28 191
28 197
28 198
28 205
28 206
28 251
28 263
28 325
28 326
28 397
28 399
28 402
29 34
29 35
29 36
29 70
29 71
29 189
29 191
29 195
29 196
29 197
29 198
29 205
29 206
29 269
29 325
29 326
29 399
29 400
29 402
30 32
30 36
30 71
30 192
30 249
30 269
30 400
30 401
31 32
31 33
31 35
31 36
31 89
31 90
31 191
31 248
31 249
31 251
31 252
31 263
31 269
31 400
32 36
32 91
32 95
32 96
32 248
32 253
32 254
32 262
32 264
32 268
32 269
32 270
32 271
32 272
32 400
33 36
33 89
33 91
33 96
33 248
33 253
33 264
33 268
33 269
33 272
34 36
34 89
34 90
34 92
34 248
34 249
34 251
34 252
34 263
34 269
35 36
35 71
35 91
35 269
35 400
35 401
37 42
37 43
37 49
37 50
37 51
37 52
37 55
37 56
37 57
38 40
38 41
38 43
38 49
38 50
38 51
38 52
38 53
38 55
38 56
38 57
42 44
42 374
42 592
43 151
44 151
45 115
45 292
45 298
45 356
45 361
45 362
45 480
45 496
45 521
45 599
45 600
46 115
46 125
46 298
46 360
46 361
46 362
46 365
46 378
46 480
46 496
46 542
46 600
46 601
47 115
47 125
47 154
47 160
47 298
47 362
47 477
47 480
47 499
47 601
48 355
48 361
48 362
48 480
48 496
48 600
48 620
49 116
49 117
49 118
49 119
49 179
49 354
49 355
49 356
49 361
49 543
49 599
49 620
50 56
50 153
50 155
50 156
50 157
50 226
50 293
50 300
50 301
50 302
50 360
50 361
50 362
50 423
50 479
50 480
50 484
50 496
50 497
50 498
50 518
50 519
50 520
50 599
50 600
50 620
51 55
51 56
51 135
51 154
51 360
51 361
51 362
51 363
51 498
51 599
51 600
51 601
51 620
52 313
52 317
52 318
52 376
52 480
52 498
52 556
52 600
52 620
53 358
53 360
53 364
53 480
53 498
53 598
53 599
53 603
53 622
54 358
54 361
54 362
54 364
54 480
54 498
54 598
54 601
54 603
54 620
54 622
55 356
55 360
55 361
55 362
55 363
55 480
55 498
55 599
55 600
55 601
55 604
55 605
55 616
55 620
56 118
56 119
56 126
56 127
56 156
56 157
56 226
56 230
56 295
56 300
56 301
56 302
56 313
56 354
56 355
56 356
56 361
56 362
56 376
56 382
56 423
56 479
56 480
56 484
56 496
56 497
56 498
56 518
56 519
56 520
56 543
56 552
56 603
56 620
57 317
57 360
57 361
57 379
57 480
57 497
57 556
57 599
58 60
58 62
58 63
58 65
58 66
61 82
61 356
61 358
61 361
61 362
61 364
61 480
61 503
61 532
61 599
61 601
61 618
61 623
62 360
62 361
62 362
62 363
62 480
62 503
62 599
62 600
62 620
63 65
63 126
63 127
63 156
63 157
63 226
63 293
63 294
63 295
63 300
63 301
63 302
63 317
63 354
63 355
63 356
63 361
63 409
63 413
63 423
63 479
63 480
63 501
63 502
63 503
63 518
63 519
63 520
63 599
63 600
63 601
63 620
64 117
64 123
64 154
64 160
64 172
64 292
64 298
64 315
64 319
64 361
64 362
64 424
64 461
64 477
64 480
64 482
64 500
64 502
64 504
64 598
64 599
64 600
64 605
64 620
65 360
65 361
65 362
65 363
65 480
65 600
65 601
65 605
65 620
66 126
66 127
66 156
66 157
66 179
66 226
66 295
66 300
66 301
66 302
66 317
66 354
66 355
66 356
66 363
66 423
66 479
66 480
66 501
66 502
66 503
66 518
66 519
66 520
66 599
66 600
66 601
67 70
67 71
68 70
68 71
69 70
69 71
70 71
70 191
70 193
70 248
70 249
70 251
70 252
70 263
70 269
70 325
70 326
70 400
71 96
71 189
71 190
71 191
71 193
71 197
71 198
71 205
71 206
71 248
71 249
71 251
71 252
71 253
71 263
71 264
71 268
71 269
71 272
71 399
71 400
71 401
74 75
75 77
75 79
75 80
75 81
75 82
75 83
75 307
76 79
77 79
77 80
77 82
77 83
78 177
79 82
79 156
79 157
79 226
79 295
79 300
79 301
79 302
79 317
79 330
79 354
79 355
79 356
79 357
79 358
79 363
79 423
79 497
79 498
79 518
79 519
79 594
79 595
79 596
79 619
79 620
80 82
80 126
80 127
80 157
80 226
80 293
80 294
80 295
80 301
80 302
80 313
80 354
80 355
80 356
80 423
80 479
80 480
80 501
80 502
80 503
80 518
80 519
80 520
80 594
80 595
80 596
80 599
80 600
80 601
80 620
81 300
81 301
81 360
81 361
81 620
82 122
82 156
82 157
82 184
82 226
82 295
82 300
82 301
82 302
82 317
82 318
82 354
82 355
82 356
82 361
82 363
82 423
82 497
82 498
82 502
82 594
82 595
82 596
82 599
82 600
82 601
82 620
83 126
83 127
83 156
83 157
83 293
83 294
83 295
83 302
83 313
83 355
83 423
83 479
83 480
83 501
83 502
83 503
83 518
83 519
83 520
83 543
83 594
83 599
83 600
83 601
83 619
83 620
84 183
84 354
84 356
84 594
84 595
84 620
85 91
85 92
85 95
85 96
86 91
86 92
86 95
86 96
87 91
87 92
87 95
87 96
88 91
88 92
88 95
88 96
89 95
89 189
89 191
89 197
89 198
89 269
90 95
90 96
90 189
90 191
90 197
90 198
90 269
90 396
91 96
91 249
91 269
91 397
92 93
92 94
92 95
92 96
92 248
92 249
92 251
92 252
92 263
92 269
92 396
92 397
93 253
93 264
93 268
93 272
93 398
93 403
94 251
94 252
94 253
94 264
94 268
94 269
94 272
94 398
94 403
95 248
95 249
95 251
95 252
95 255
95 263
95 269
95 396
95 397
96 253
96 396
97 99
97 100
98 101
98 102
99 118
99 119
99 156
99 157
99 226
99 295
99 300
99 301
99 313
99 355
99 356
99 362
99 363
99 423
99 479
99 480
99 496
99 497
99 498
99 518
99 519
99 520
99 600
99 620
100 101
100 102
100 360
100 361
100 362
100 363
100 480
100 498
100 599
100 600
100 620
101 360
101 361
101 362
101 431
101 480
101 497
101 599
101 600
101 601
101 620
102 118
102 119
102 156
102 157
102 226
102 300
102 301
102 302
102 313
102 423
102 430
102 479
102 480
102 496
102 497
102 498
102 519
102 520
102 600
102 601
103 106
103 111
103 113
103 114
103 115
103 116
103 117
103 118
103 119
103 120
103 121
103 122
103 123
103 124
103 125
103 126
103 127
103 128
104 111
104 113
104 114
104 118
104 126
105 112
105 119
105 123
105 125
105 127
106 112
106 114
106 115
106 116
106 117
106 118
106 119
106 120
106 121
106 123
106 124
106 125
106 126
106 127
106 128
107 112
107 113
107 114
107 119
107 127
107 330
108 125
109 113
109 114
109 115
109 116
109 117
109 118
109 119
109 123
109 124
109 125
109 126
109 127
110 111
110 112
113 114
114 178
114 539
115 156
115 157
115 226
115 300
115 301
115 313
115 314
115 355
115 376
115 423
115 496
115 497
115 498
115 501
115 551
116 354
116 355
116 356
116 358
116 363
116 480
116 501
116 530
116 619
116 620
117 125
117 293
117 294
117 295
117 300
117 301
117 302
117 354
117 355
117 356
117 362
117 407
117 408
117 479
117 480
117 501
117 502
117 503
117 518
117 519
117 520
117 543
117 599
117 600
117 601
117 620
118 133
118 136
118 154
118 160
118 180
118 183
118 229
118 232
118 292
118 298
118 309
118 319
118 354
118 356
118 357
118 358
118 363
118 365
118 378
118 381
118 413
118 422
118 424
118 452
118 453
118 458
118 461
118 480
118 499
118 501
118 529
118 532
118 555
118 560
118 600
118 601
118 618
118 621
119 133
119 136
119 154
119 160
119 180
119 183
119 229
119 232
119 292
119 298
119 309
119 319
119 354
119 355
119 357
119 358
119 364
119 365
119 378
119 381
119 413
119 422
119 424
119 452
119 453
119 458
119 461
119 480
119 499
119 502
119 505
119 529
119 532
119 555
119 560
119 600
119 601
119 604
119 618
119 620
119 621
119 622
120 132
120 133
120 502
121 179
121 180
121 181
121 480
121 502
122 355
122 480
123 354
123 355
123 362
123 407
123 408
123 480
123 502
123 599
123 600
123 601
123 604
123 620
124 293
124 294
124 295
124 302
124 354
124 479
124 480
124 501
124 502
124 503
124 518
124 519
124 520
124 600
124 601
124 620
125 132
125 156
125 157
125 179
125 226
125 300
125 301
125 313
125 314
125 354
125 355
125 356
125 363
125 376
125 423
125 496
125 498
125 530
125 544
125 551
125 552
125 602
125 619
125 620
126 141
126 142
126 154
126 169
126 172
126 237
126 238
126 291
126 299
126 354
126 355
126 364
126 368
126 409
126 413
126 428
126 431
126 435
126 436
126 441
126 442
126 446
126 449
126 461
126 477
126 480
126 482
126 500
126 502
126 504
126 517
126 521
126 542
126 544
126 579
126 580
126 598
126 599
126 602
126 617
126 622
127 141
127 142
127 153
127 154
127 160
127 169
127 172
127 229
127 233
127 237
127 238
127 291
127 299
127 355
127 364
127 368
127 409
127 413
127 422
127 424
127 428
127 431
127 435
127 436
127 441
127 442
127 446
127 449
127 458
127 461
127 477
127 480
127 482
127 500
127 503
127 504
127 517
127 521
127 529
127 532
127 542
127 544
127 579
127 580
127 598
127 599
127 602
127 617
127 620
127 622
128 354
128 356
128 543
128 545
128 599
128 601
129 130
129 133
129 134
129 136
129 137
131 133
131 134
131 136
131 137
132 355
132 356
132 357
132 365
132 477
132 480
132 500
132 503
132 504
132 521
132 598
132 601
132 602
132 620
132 621
133 136
133 354
133 355
133 356
133 363
133 479
133 480
133 501
133 502
133 503
133 518
133 519
133 520
133 599
133 600
133 601
133 620
134 136
134 156
134 157
134 226
134 295
134 300
134 301
134 302
134 313
134 317
134 355
134 360
134 362
134 379
134 423
134 496
134 498
134 620
135 154
135 160
135 292
135 298
135 309
135 354
135 356
135 480
135 502
135 599
135 600
135 620
136 354
136 355
136 356
136 360
136 479
136 480
136 501
136 502
136 503
136 518
136 519
136 520
136 599
136 600
136 601
136 620
137 156
137 157
137 226
137 300
137 301
137 302
137 317
137 355
137 363
137 423
137 480
137 498
137 600
138 140
138 141
139 142
139 143
140 156
140 157
140 226
140 317
140 360
140 361
140 362
140 423
140 503
140 594
140 595
140 596
140 620
141 142
141 143
141 293
141 294
141 302
141 360
141 362
141 479
141 480
141 501
141 502
141 503
141 518
141 519
141 520
141 620
142 293
142 294
142 295
142 355
142 356
142 479
142 480
142 501
142 502
142 503
142 518
142 519
142 520
142 599
143 156
143 157
143 226
143 317
143 360
143 361
143 362
143 363
143 423
143 480
143 502
143 594
143 595
143 596
143 620
144 148
144 149
144 152
144 153
144 154
144 155
144 156
144 157
144 158
144 159
144 160
144 161
144 162
144 163
145 148
145 149
145 150
145 151
145 152
145 157
145 162
146 147
146 148
146 149
146 150
146 151
146 157
146 162
147 150
147 151
147 153
147 154
147 155
147 156
147 157
147 158
147 159
147 160
147 161
147 162
147 163
147 479
149 330
150 151
150 224
151 419
153 168
153 229
153 301
153 355
153 360
153 362
153 479
153 480
153 497
153 498
153 518
153 519
153 520
153 540
153 600
154 167
154 354
154 355
154 356
154 360
154 361
154 362
154 363
154 376
154 452
154 480
154 497
154 599
154 600
154 601
154 616
154 620
155 160
155 295
155 300
155 301
155 302
155 360
155 423
155 480
155 484
155 496
155 497
155 498
156 167
156 173
156 180
156 183
156 229
156 233
156 237
156 238
156 316
156 320
156 330
156 357
156 358
156 360
156 364
156 365
156 368
156 378
156 381
156 405
156 413
156 429
156 430
156 434
156 437
156 441
156 442
156 446
156 449
156 452
156 477
156 482
156 496
156 505
156 517
156 521
156 529
156 532
156 541
156 545
156 553
156 559
156 598
156 599
156 603
156 617
156 620
156 622
157 167
157 173
157 180
157 183
157 229
157 232
157 233
157 237
157 238
157 316
157 320
157 357
157 358
157 359
157 361
157 362
157 364
157 365
157 368
157 378
157 381
157 413
157 429
157 430
157 434
157 437
157 441
157 442
157 446
157 449
157 452
157 477
157 480
157 482
157 498
157 505
157 517
157 521
157 529
157 532
157 541
157 545
157 553
157 559
157 598
157 600
157 603
157 617
157 620
157 621
157 622
158 226
158 230
158 313
158 314
158 317
158 318
158 480
158 496
158 551
158 552
158 556
158 557
158 601
158 620
159 295
159 300
159 301
159 302
159 360
159 423
159 425
159 483
159 484
159 496
159 497
159 498
159 518
159 599
159 600
159 620
160 179
160 226
160 233
160 354
160 355
160 356
160 360
160 361
160 362
160 363
160 376
160 407
160 424
160 479
160 480
160 497
160 502
160 518
160 519
160 520
160 530
160 540
160 552
160 599
160 600
160 601
160 620
161 229
161 233
161 291
161 292
161 298
161 316
161 321
161 360
161 362
161 422
161 424
161 453
161 458
161 461
161 480
161 498
161 499
161 505
161 554
161 558
161 578
161 581
161 601
162 229
162 233
162 292
162 298
162 316
162 321
162 361
162 422
162 424
162 441
162 453
162 458
162 461
162 480
162 498
162 499
162 505
162 554
162 558
162 578
162 581
162 600
162 620
163 230
163 313
163 314
163 317
163 360
163 361
163 480
163 498
163 556
163 557
163 599
164 167
164 168
164 169
164 171
164 172
164 173
165 167
165 168
165 169
165 171
165 172
165 173
166 288
166 512
167 226
167 300
167 301
167 302
167 313
167 314
167 423
167 480
167 496
167 497
167 498
167 552
167 620
168 293
168 294
168 295
168 302
168 354
168 356
168 463
168 479
168 480
168 501
168 502
168 503
168 600
169 172
169 173
169 354
169 355
169 356
169 361
169 363
169 446
169 518
169 519
169 520
169 599
169 600
169 601
169 620
170 477
170 482
170 502
170 540
170 542
171 354
171 356
171 518
171 519
171 520
171 522
171 601
171 620
172 179
172 354
172 355
172 356
172 360
172 361
172 362
172 480
172 502
172 521
172 599
172 600
172 601
172 620
173 226
173 293
173 294
173 295
173 300
173 301
173 302
173 313
173 356
173 420
173 423
173 479
173 480
173 496
173 497
173 501
173 502
173 503
173 540
174 175
174 176
174 180
174 181
174 183
174 184
175 176
175 180
175 181
175 183
175 184
177 178
179 233
179 291
179 299
179 319
179 354
179 480
179 503
179 504
179 517
179 598
179 599
179 600
179 602
179 620
179 622
180 226
180 293
180 294
180 300
180 302
180 313
180 355
180 423
180 479
180 480
180 496
180 497
180 498
180 501
180 502
180 503
180 518
180 519
180 520
180 599
180 600
180 601
180 620
181 183
181 354
181 355
181 356
181 360
181 361
181 480
181 620
182 354
182 359
182 363
182 365
182 410
182 480
182 503
182 531
182 601
182 621
183 226
183 293
183 294
183 295
183 302
183 313
183 423
183 479
183 480
183 501
183 502
183 503
183 518
183 519
183 520
183 599
183 600
183 601
183 620
184 330
184 354
184 355
184 356
184 363
184 480
184 503
184 520
184 620
185 189
185 191
185 192
186 188
186 189
186 191
186 192
187 188
187 189
187 191
187 192
188 192
188 199
188 252
188 269
189 191
189 192
189 198
189 248
189 249
189 251
189 252
189 263
189 269
190 269
191 205
191 206
191 248
191 249
191 251
191 252
191 263
191 269
192 206
192 252
192 269
192 400
192 401
195 198
195 199
195 269
195 325
195 326
195 399
195 400
195 401
195 402
195 403
196 325
196 400
196 401
196 403
197 199
197 248
197 249
197 250
197 251
197 252
197 263
197 269
197 325
197 326
197 402
198 248
198 249
198 251
198 252
198 263
198 269
199 400
199 401
200 349
201 350
202 205
202 206
203 205
203 206
204 205
204 206
205 206
205 248
205 249
205 251
205 252
205 263
205 269
205 400
205 401
206 248
206 251
206 252
206 263
206 269
206 400
206 401
207 208
207 210
208 209
208 213
208 214
208 215
208 217
208 219
209 211
209 212
209 214
209 215
209 216
209 217
209 218
209 219
210 212
210 213
210 214
210 215
210 216
210 217
210 218
210 219
211 213
211 215
211 217
211 219
212 217
212 278
212 303
212 304
212 306
212 570
212 572
213 218
213 219
213 278
213 303
213 305
213 570
213 572
213 574
213 576
214 217
214 219
214 278
214 303
214 305
214 306
214 572
215 216
215 217
215 218
215 275
215 276
215 277
215 278
215 292
215 303
215 304
215 305
215 575
216 279
216 304
216 570
216 572
216 573
216 575
217 303
217 305
217 570
217 573
218 279
218 304
218 305
218 573
219 562
219 570
219 572
220 221
220 229
221 222
221 223
221 224
221 225
221 226
221 227
221 228
221 229
221 230
221 231
221 232
221 233
222 232
222 233
224 225
225 550
226 237
226 238
226 316
226 320
226 357
226 358
226 361
226 364
226 365
226 368
226 370
226 380
226 413
226 429
226 434
226 437
226 441
226 442
226 446
226 449
226 452
226 477
226 480
226 482
226 498
226 505
226 517
226 521
226 529
226 532
226 541
226 545
226 553
226 598
226 601
226 603
226 617
226 622
227 313
227 314
227 317
227 379
227 480
227 496
227 520
227 554
227 555
228 232
228 233
228 295
228 300
228 301
228 360
228 423
228 496
228 497
228 498
229 232
229 294
229 295
229 300
229 301
229 302
229 354
229 355
229 356
229 360
229 361
229 362
229 463
229 479
229 480
229 483
229 484
229 496
229 497
229 498
229 502
229 503
229 518
229 519
229 520
229 553
229 599
229 600
229 601
229 616
229 620
230 292
230 298
230 316
230 321
230 361
230 362
230 377
230 380
230 422
230 424
230 453
230 458
230 461
230 480
230 496
230 499
230 505
230 558
230 578
230 581
230 600
230 601
230 620
231 313
231 317
231 480
231 497
231 551
231 556
231 560
232 354
232 355
232 356
232 360
232 361
232 362
232 479
232 480
232 518
232 519
232 520
232 599
232 600
232 601
232 620
233 295
233 300
233 301
233 302
233 354
233 355
233 356
233 360
233 361
233 362
233 363
233 423
233 463
233 479
233 480
233 484
233 496
233 497
233 498
233 518
233 519
233 520
233 616
233 620
234 236
234 237
235 238
235 239
236 239
236 291
236 293
236 294
236 295
236 361
236 362
236 420
236 483
236 484
236 496
236 497
236 498
236 513
236 514
236 515
236 601
236 620
237 238
237 239
237 313
237 354
237 355
237 356
237 363
237 496
237 599
237 600
237 601
237 620
238 313
238 354
238 355
238 356
238 449
238 484
238 498
238 599
238 600
238 601
238 620
239 293
239 294
239 302
239 354
239 420
239 483
239 484
239 496
239 497
239 498
239 513
239 515
239 601
240 241
240 242
241 243
242 243
242 244
242 245
242 246
242 247
242 248
242 249
242 251
242 252
242 253
242 254
242 255
242 256
242 257
242 260
242 261
242 262
242 263
242 264
242 274
243 244
243 245
243 246
243 247
243 248
243 249
243 251
243 252
243 253
243 254
243 255
243 256
243 257
243 260
243 261
243 262
243 263
243 264
244 253
244 254
244 255
244 260
244 261
244 262
244 263
244 264
245 253
245 254
245 255
245 262
245 263
245 264
246 247
246 252
246 253
246 254
246 255
246 262
246 263
246 264
247 250
247 253
247 254
247 255
247 258
247 262
247 263
247 264
248 268
248 269
248 325
248 326
248 396
248 398
248 402
249 262
249 268
249 269
249 325
249 326
250 264
250 269
251 262
251 264
251 268
251 325
251 326
251 398
251 402
252 262
252 268
252 269
252 273
252 325
252 326
253 256
253 257
253 258
253 259
253 261
253 268
253 269
253 397
254 256
254 257
254 258
254 264
254 269
254 396
255 256
255 259
255 261
255 263
255 264
255 269
255 274
255 396
255 397
256 270
256 272
256 363
256 395
256 398
256 403
257 269
257 270
257 272
257 363
257 364
257 397
257 398
257 402
257 403
258 270
258 397
258 403
259 269
259 270
260 269
260 270
260 272
260 363
260 395
260 396
260 398
260 402
260 403
261 269
261 270
261 271
261 272
261 363
261 396
261 397
261 398
261 403
262 269
262 273
262 363
262 396
262 397
263 270
263 272
263 325
263 360
263 361
263 362
263 364
263 365
263 366
263 395
263 398
263 403
264 269
264 272
264 363
265 268
265 269
265 270
265 271
265 272
266 268
266 269
266 270
266 271
266 272
266 273
267 268
267 269
267 270
267 271
267 272
267 273
268 273
268 619
268 620
268 621
268 622
269 271
269 272
269 273
269 325
269 326
269 394
269 395
269 396
269 397
269 398
269 399
269 400
269 401
269 402
269 403
269 479
269 619
269 621
269 622
269 623
270 272
270 394
270 395
270 396
270 397
270 620
270 621
270 622
271 396
271 397
271 399
274 358
275 282
275 283
275 284
275 286
275 287
275 288
275 293
275 300
276 282
276 283
276 284
276 286
276 287
276 288
276 293
276 300
276 330
277 282
277 283
277 284
277 286
277 287
277 288
277 293
277 300
277 330
278 279
278 282
278 283
278 284
278 286
278 287
278 288
278 291
278 292
278 293
278 294
278 295
278 298
278 299
278 300
278 301
278 302
279 282
279 285
279 286
279 288
279 291
279 292
279 293
279 294
279 295
279 298
279 299
279 300
279 301
279 302
279 561
279 574
279 576
280 282
280 285
280 286
280 288
280 294
280 301
281 287
281 288
281 289
281 290
281 291
281 292
281 293
281 294
281 295
281 296
281 297
281 298
281 299
281 300
281 301
281 302
282 291
282 299
287 288
287 494
288 457
289 362
289 478
289 484
289 497
289 601
289 620
290 361
290 478
290 484
290 496
290 599
290 620
291 299
291 303
291 354
291 355
291 356
291 360
291 361
291 362
291 363
291 483
291 484
291 496
291 497
291 498
291 513
291 514
291 515
291 540
291 599
291 600
291 601
291 620
292 302
292 303
292 304
292 317
292 318
292 360
292 361
292 362
292 363
292 376
292 407
292 408
292 420
292 479
292 480
292 498
292 499
292 519
292 520
292 530
292 556
292 557
292 599
292 600
292 601
292 616
292 620
293 303
293 357
293 360
293 361
293 363
293 364
293 365
293 368
293 369
293 409
293 441
293 442
293 447
293 448
293 462
293 469
293 478
293 481
293 497
293 499
293 505
293 507
293 516
293 522
293 529
293 532
293 541
293 545
293 598
293 600
293 601
293 602
293 621
294 303
294 357
294 358
294 360
294 361
294 364
294 365
294 368
294 369
294 441
294 442
294 447
294 448
294 478
294 481
294 484
294 497
294 499
294 505
294 516
294 522
294 529
294 532
294 541
294 545
294 599
294 602
294 618
294 620
295 304
295 316
295 321
295 357
295 358
295 361
295 364
295 378
295 381
295 409
295 413
295 421
295 425
295 434
295 441
295 459
295 460
295 478
295 481
295 484
295 499
295 505
295 516
295 522
295 529
295 532
295 541
295 545
295 554
295 598
295 600
295 603
295 617
295 622
296 305
296 360
296 361
296 484
296 497
296 599
296 600
297 358
297 361
297 484
297 496
297 599
297 620
298 305
298 306
298 317
298 318
298 360
298 361
298 362
298 363
298 376
298 407
298 408
298 420
298 479
298 480
298 497
298 520
298 530
298 556
298 557
298 599
298 600
298 601
298 616
298 620
299 305
299 306
299 354
299 355
299 356
299 360
299 361
299 362
299 363
299 459
299 460
299 461
299 483
299 484
299 496
299 497
299 498
299 513
299 514
299 515
299 540
299 599
299 600
299 601
299 620
300 305
300 315
300 316
300 321
300 357
300 358
300 359
300 360
300 362
300 364
300 365
300 378
300 381
300 409
300 413
300 421
300 425
300 429
300 430
300 434
300 437
300 452
300 453
300 459
300 460
300 477
300 497
300 521
300 529
300 532
300 541
300 553
300 554
300 558
300 579
300 580
300 587
300 598
300 599
300 601
300 603
300 617
300 620
300 621
300 622
301 305
301 315
301 316
301 321
301 357
301 358
301 360
301 364
301 365
301 378
301 381
301 409
301 413
301 421
301 425
301 429
301 430
301 434
301 437
301 452
301 453
301 459
301 460
301 477
301 484
301 497
301 517
301 528
301 529
301 532
301 541
301 553
301 554
301 558
301 579
301 580
301 598
301 599
301 601
301 603
301 617
301 622
302 306
302 316
302 321
302 357
302 358
302 364
302 365
302 368
302 378
302 381
302 409
302 413
302 421
302 425
302 429
302 430
302 437
302 441
302 442
302 447
302 448
302 452
302 453
302 459
302 460
302 478
302 481
302 484
302 498
302 499
302 505
302 516
302 522
302 529
302 532
302 541
302 545
302 554
302 558
302 579
302 580
302 598
302 601
302 603
302 617
302 622
303 306
303 561
303 571
303 572
303 575
303 576
304 305
304 306
304 570
304 572
304 574
304 576
305 561
305 570
305 571
305 572
305 573
305 574
305 575
309 310
309 320
309 354
309 355
309 356
309 360
309 361
309 362
309 377
309 378
309 408
309 599
309 600
309 601
309 616
309 620
310 311
310 312
310 313
310 315
310 316
310 317
310 319
310 320
310 321
311 312
311 549
312 375
313 357
313 358
313 360
313 362
313 364
313 365
313 370
313 380
313 429
313 430
313 434
313 437
313 441
313 442
313 446
313 449
313 452
313 477
313 480
313 482
313 498
313 505
313 517
313 521
313 532
313 542
313 544
313 555
313 559
313 600
313 601
314 357
314 360
314 477
314 480
314 482
314 497
314 620
315 321
315 360
315 361
315 362
315 496
315 497
315 498
315 518
315 519
315 520
315 600
315 601
315 620
316 423
316 479
316 480
316 484
316 496
316 497
316 498
316 518
316 519
316 520
316 554
316 555
316 556
317 358
317 364
317 377
317 380
317 409
317 413
317 422
317 424
317 453
317 458
317 461
317 480
317 497
317 499
317 505
317 529
317 532
317 560
317 578
317 598
317 599
317 601
317 603
317 617
317 620
317 622
318 358
318 361
318 362
318 364
318 413
318 480
318 496
318 499
318 505
318 598
318 599
318 603
318 620
318 622
319 354
319 355
319 356
319 360
319 361
319 362
319 379
319 381
319 518
319 519
319 520
319 530
319 599
319 600
319 601
319 620
320 354
320 355
320 356
320 479
320 480
320 498
320 501
320 518
320 519
320 520
320 620
321 423
321 479
321 480
321 496
321 497
321 498
321 502
321 518
321 519
321 520
321 556
321 560
322 325
322 326
323 325
323 326
324 325
324 326
325 326
325 400
325 401
326 401
327 349
328 349
329 350
330 334
330 335
330 336
330 337
330 339
330 340
330 342
330 345
330 346
330 349
330 350
330 351
330 352
330 353
330 354
330 355
330 356
330 357
330 358
330 359
330 360
330 361
330 362
330 363
330 364
330 365
330 366
330 477
330 509
330 510
330 544
330 583
331 337
331 341
331 345
331 346
331 349
331 350
331 351
331 352
331 353
331 354
331 355
331 356
331 360
331 361
331 362
332 335
332 336
332 337
332 340
332 341
332 342
332 344
332 345
332 346
332 349
332 350
332 351
332 352
332 353
332 354
332 355
332 356
332 357
332 358
332 360
332 361
332 362
333 337
333 341
333 345
333 346
333 349
333 350
333 351
333 352
333 353
333 354
333 355
333 356
333 360
333 361
333 362
334 336
334 342
334 345
334 346
334 349
334 350
334 351
334 352
334 353
334 354
334 355
334 356
334 360
334 361
334 362
334 364
334 458
335 343
335 349
335 357
335 358
336 357
336 358
337 344
337 358
338 342
338 344
338 349
338 352
338 357
338 358
339 343
339 357
339 358
340 349
340 350
340 364
340 365
341 364
341 365
342 363
342 365
343 345
343 365
344 360
344 363
344 364
344 365
345 346
345 348
345 349
345 350
345 357
345 358
345 359
345 363
345 364
345 365
345 479
346 348
346 349
346 350
346 351
346 354
346 355
346 356
346 357
346 358
346 360
346 361
346 362
346 364
346 365
347 351
347 360
347 361
348 349
348 350
348 365
349 350
349 351
349 352
349 353
349 354
349 355
349 356
349 357
349 358
349 359
349 360
349 361
349 362
349 363
349 364
349 365
349 479
350 351
350 352
350 353
350 354
350 355
350 356
350 357
350 358
350 359
350 360
350 361
350 362
350 363
350 364
350 365
351 357
351 358
351 364
351 365
352 357
352 358
352 364
352 365
353 357
353 358
353 364
353 365
354 368
354 378
354 381
354 409
354 413
354 420
354 422
354 424
354 441
354 442
354 446
354 447
354 448
354 449
354 453
354 458
354 461
354 477
354 479
354 480
354 482
354 483
354 484
354 496
354 497
354 498
354 500
354 501
354 502
354 503
354 504
354 505
354 515
354 516
354 517
354 518
354 521
354 522
354 528
354 531
354 540
354 542
354 544
354 555
354 556
354 559
354 560
354 579
354 595
354 597
354 598
354 602
354 617
354 621
354 622
355 365
355 368
355 378
355 381
355 409
355 412
355 413
355 422
355 424
355 428
355 436
355 441
355 442
355 446
355 448
355 449
355 452
355 453
355 458
355 461
355 462
355 477
355 479
355 480
355 482
355 496
355 497
355 499
355 500
355 502
355 503
355 504
355 505
355 513
355 516
355 517
355 519
355 520
355 521
355 542
355 544
355 555
355 559
355 560
355 595
355 596
355 597
355 598
355 602
355 617
355 620
355 622
356 368
356 378
356 381
356 409
356 413
356 422
356 424
356 428
356 436
356 441
356 442
356 446
356 449
356 458
356 461
356 468
356 477
356 478
356 482
356 483
356 496
356 497
356 499
356 500
356 501
356 503
356 504
356 505
356 513
356 514
356 517
356 518
356 519
356 520
356 521
356 542
356 544
356 553
356 555
356 556
356 559
356 560
356 580
356 595
356 597
356 598
356 602
356 604
356 617
356 620
356 622
357 376
357 423
357 463
357 479
357 480
357 501
357 502
357 503
357 518
357 519
357 520
357 543
357 594
357 595
357 596
357 599
357 600
357 601
357 620
358 379
358 411
358 412
358 423
358 479
358 480
358 496
358 497
358 498
358 501
358 502
358 503
358 518
358 520
358 530
358 556
358 594
358 595
358 596
358 616
358 619
358 620
359 480
359 502
359 503
359 595
359 620
360 370
360 377
360 378
360 380
360 382
360 408
360 409
360 410
360 412
360 413
360 414
360 421
360 422
360 423
360 424
360 428
360 430
360 431
360 434
360 435
360 436
360 441
360 452
360 453
360 458
360 461
360 477
360 480
360 482
360 499
360 500
360 503
360 504
360 505
360 517
360 529
360 530
360 532
360 544
360 554
360 555
360 560
360 578
360 579
360 581
360 594
360 596
360 597
360 599
360 600
360 601
360 602
360 603
360 604
360 616
360 618
360 619
360 621
360 622
361 377
361 378
361 382
361 407
361 409
361 410
361 411
361 412
361 414
361 422
361 424
361 428
361 431
361 434
361 435
361 436
361 441
361 452
361 453
361 458
361 459
361 460
361 461
361 477
361 480
361 482
361 499
361 500
361 503
361 504
361 505
361 517
361 529
361 530
361 532
361 542
361 544
361 554
361 555
361 556
361 557
361 558
361 560
361 578
361 581
361 594
361 595
361 596
361 597
361 598
361 599
361 600
361 601
361 602
361 603
361 604
361 618
361 620
361 621
361 622
362 370
362 376
362 377
362 378
362 379
362 380
362 381
362 382
362 407
362 408
362 409
362 410
362 411
362 414
362 420
362 422
362 423
362 424
362 428
362 430
362 431
362 434
362 435
362 436
362 437
362 452
362 453
362 458
362 460
362 461
362 477
362 480
362 482
362 499
362 500
362 501
362 504
362 505
362 517
362 521
362 529
362 532
362 542
362 544
362 553
362 554
362 555
362 559
362 560
362 578
362 580
362 581
362 595
362 597
362 598
362 599
362 601
362 602
362 604
362 617
362 618
362 619
362 621
362 622
363 368
363 377
363 381
363 382
363 407
363 412
363 421
363 422
363 431
363 436
363 441
363 446
363 449
363 453
363 458
363 461
363 477
363 480
363 482
363 483
363 500
363 503
363 504
363 505
363 513
363 517
363 519
363 521
363 529
363 542
363 544
363 554
363 555
363 556
363 560
363 578
363 581
363 595
363 596
363 597
363 598
363 602
363 604
363 618
363 621
364 379
364 411
364 412
364 423
364 479
364 480
364 496
364 498
364 501
364 502
364 503
364 518
364 519
364 520
364 532
364 556
364 557
364 594
364 595
364 596
364 601
364 619
364 620
364 621
365 379
365 423
365 463
365 479
365 480
365 501
365 502
365 503
365 518
365 519
365 520
365 532
365 543
365 551
365 595
365 596
365 599
365 600
365 601
365 616
365 620
366 480
366 503
366 530
366 531
366 595
367 368
368 369
368 420
368 479
368 480
368 501
368 502
368 503
368 513
368 514
368 515
368 599
368 600
368 601
368 620
369 480
369 501
369 502
369 503
370 371
370 480
370 498
370 600
370 620
371 373
371 377
371 378
371 380
371 381
371 382
372 373
372 381
372 382
373 377
373 378
373 380
373 381
373 382
374 375
376 409
376 458
376 480
376 497
376 499
376 505
376 598
376 600
376 603
377 381
377 382
377 480
377 496
377 600
377 601
377 620
378 381
378 423
378 479
378 480
378 496
378 497
378 498
378 518
378 519
378 520
378 599
378 600
378 601
378 620
379 480
379 497
379 598
379 599
379 600
379 603
379 622
380 480
380 496
381 423
381 479
381 480
381 496
381 497
381 498
381 518
381 519
381 520
381 600
382 496
382 497
382 498
382 503
382 518
382 520
382 599
382 600
382 601
382 620
383 485
384 485
385 485
385 504
386 387
386 388
386 389
386 390
386 391
386 393
386 396
386 397
386 398
386 399
386 400
386 401
386 402
386 403
387 398
387 399
387 402
387 403
388 398
388 399
388 402
388 403
389 398
389 399
389 402
389 403
390 398
390 399
390 402
390 403
391 393
391 394
391 395
391 397
391 398
391 399
391 400
391 401
391 402
391 403
392 398
392 402
393 397
393 398
393 399
393 401
393 402
393 403
394 400
394 403
395 402
396 402
397 402
398 400
398 401
399 401
399 402
399 403
404 405
404 406
404 407
404 409
404 410
404 412
404 413
404 414
405 409
405 410
405 413
405 414
407 461
407 477
407 480
407 482
407 500
407 502
407 521
407 598
407 600
407 605
408 461
408 501
408 598
408 599
408 600
409 423
409 479
409 480
409 496
409 497
409 501
409 502
409 503
409 518
409 519
409 520
409 543
409 599
409 600
409 601
409 620
410 413
410 414
410 518
410 519
410 520
410 530
410 600
410 601
410 619
410 620
411 480
411 501
411 620
411 623
412 480
412 501
412 599
412 623
413 423
413 479
413 480
413 496
413 498
413 501
413 502
413 503
413 518
413 519
413 520
413 594
413 595
413 596
413 599
413 600
413 601
413 620
413 623
414 480
414 502
414 518
414 519
414 520
414 594
414 595
414 620
414 621
415 416
415 417
415 418
415 419
415 420
415 421
415 422
415 423
415 424
415 425
416 417
416 418
416 419
416 421
416 422
416 424
416 425
416 483
417 421
417 422
417 424
417 425
418 419
418 456
420 441
420 442
420 447
420 448
420 458
420 461
420 478
420 481
420 484
420 497
420 499
420 505
420 516
420 522
420 578
420 581
420 601
421 483
421 484
421 496
421 497
421 498
421 513
421 514
421 515
421 599
422 425
422 458
422 461
422 480
422 518
422 519
422 599
422 600
422 601
422 620
423 429
423 430
423 434
423 437
423 452
423 453
423 477
423 484
423 498
423 517
423 529
423 532
423 541
423 545
423 553
423 558
423 598
423 600
423 601
423 603
423 617
423 620
423 622
424 484
424 498
424 518
424 599
424 600
424 601
424 620
425 483
425 484
425 496
425 497
425 498
425 513
425 514
425 515
425 600
425 601
426 428
426 429
427 430
427 431
428 431
428 435
428 480
428 599
428 600
428 601
428 620
429 431
429 434
429 479
429 480
429 496
429 497
429 498
429 518
429 519
429 520
430 479
430 480
430 496
430 497
430 498
430 518
430 519
430 520
430 601
431 496
431 599
431 600
431 601
431 620
432 434
432 435
433 436
433 437
434 498
434 600
434 601
435 436
435 437
435 479
435 480
435 501
435 502
435 503
435 518
435 519
435 520
435 599
435 600
435 601
435 620
436 479
436 480
436 501
436 502
436 503
436 518
436 519
436 520
436 599
436 600
436 601
436 604
436 620
437 600
438 440
438 441
439 442
439 443
440 501
440 513
440 514
440 515
440 517
441 443
441 479
441 480
441 501
441 502
441 503
441 599
441 600
441 601
441 620
442 479
442 480
442 501
442 502
442 503
442 599
442 600
442 601
442 620
443 513
443 514
443 515
443 600
444 446
444 447
445 448
445 449
446 449
446 480
446 501
446 518
446 519
446 520
446 599
446 600
446 601
446 620
447 449
447 483
447 484
447 496
447 497
447 498
447 599
448 483
448 484
448 496
448 497
448 498
448 599
448 600
449 496
449 513
449 514
449 515
449 518
449 519
449 520
449 599
449 600
449 601
449 620
450 452
451 453
452 479
452 480
452 496
452 497
452 498
452 518
452 520
452 599
452 600
452 601
452 620
453 479
453 480
453 496
453 497
453 498
453 518
453 519
453 520
453 599
453 600
453 601
453 620
456 457
458 480
458 484
458 518
458 519
458 578
458 599
458 600
458 601
458 620
459 461
459 483
459 484
459 496
459 497
459 498
459 513
459 514
459 515
460 483
460 484
460 496
460 497
460 498
460 513
460 514
460 515
460 599
460 600
460 620
461 479
461 518
461 530
461 599
461 600
461 601
461 620
462 465
462 466
462 471
462 474
462 476
462 477
462 478
462 479
462 481
462 482
462 483
462 485
463 466
463 469
463 471
463 472
463 474
463 477
463 478
463 479
463 482
463 483
463 504
463 553
464 466
464 471
464 474
464 477
464 479
464 481
464 482
464 483
465 472
465 474
465 475
465 477
465 480
465 484
465 504
466 472
466 475
466 476
466 477
466 478
466 480
466 481
466 482
466 484
467 476
467 477
467 478
467 479
467 480
467 481
467 482
467 483
467 484
468 476
468 477
468 478
468 479
468 480
468 481
468 482
468 483
468 484
469 476
469 477
469 478
469 479
469 480
469 481
469 482
469 483
469 484
470 476
470 477
470 478
470 479
470 480
470 481
470 482
470 483
470 484
471 472
471 473
474 475
474 511
475 495
476 503
476 513
476 514
476 515
476 517
477 482
477 496
477 497
477 498
477 551
477 599
477 600
477 601
477 620
478 482
478 501
478 502
478 503
478 620
479 499
479 502
479 516
479 522
479 529
479 532
479 541
479 545
479 553
479 558
479 559
479 598
479 600
479 602
479 617
479 618
479 620
479 621
479 622
480 482
480 499
480 503
480 513
480 514
480 515
480 516
480 518
480 519
480 520
480 521
480 522
480 528
480 529
480 530
480 532
480 541
480 542
480 543
480 544
480 545
480 551
480 552
480 553
480 555
480 556
480 557
480 558
480 559
480 560
480 594
480 595
480 596
480 597
480 598
480 599
480 600
480 601
480 602
480 604
480 605
480 616
480 617
480 618
480 619
480 620
480 621
480 622
481 501
481 502
481 503
481 504
481 505
481 620
482 513
482 514
482 515
482 530
482 551
482 599
482 600
482 601
482 619
482 620
483 488
483 490
483 500
483 503
483 504
483 553
483 579
483 580
483 599
484 496
484 497
484 498
484 500
484 501
484 502
484 503
484 504
484 505
484 558
484 578
484 579
484 580
484 581
485 487
485 488
485 489
485 490
485 491
485 492
485 493
485 494
485 495
485 496
485 497
485 498
485 499
485 500
485 501
485 502
485 503
485 504
485 505
486 488
486 490
486 491
486 492
486 493
486 494
486 496
486 497
486 498
486 501
486 502
486 503
488 497
488 499
488 500
488 504
488 505
489 490
489 491
489 492
489 493
489 496
489 497
489 498
489 501
489 502
489 503
490 499
490 500
490 501
490 504
490 505
491 499
491 500
491 501
491 502
491 504
491 505
492 499
492 500
492 504
492 505
493 499
493 500
493 504
493 505
494 495
496 517
496 541
496 552
496 553
496 554
496 556
496 558
496 560
496 579
496 580
496 598
496 599
496 603
496 620
497 541
497 553
497 554
497 555
497 557
497 558
497 579
497 580
497 598
497 600
497 603
498 517
498 551
498 553
498 554
498 558
498 559
498 578
498 579
498 580
498 598
498 600
498 601
498 603
498 620
499 556
499 599
499 600
499 620
500 502
500 504
500 505
500 513
500 514
500 515
500 530
500 540
500 599
500 600
500 601
500 620
501 514
501 515
501 516
501 518
501 519
501 522
501 528
501 529
501 532
501 541
501 545
501 596
501 598
501 600
501 601
501 602
501 617
501 618
501 620
501 621
501 622
502 513
502 516
502 517
502 520
502 521
502 522
502 529
502 530
502 532
502 540
502 541
502 543
502 545
502 594
502 597
502 598
502 599
502 601
502 602
502 617
502 618
502 621
502 622
503 516
503 522
503 529
503 532
503 541
503 544
503 545
503 559
503 595
503 598
503 599
503 600
503 602
503 605
503 616
503 617
503 618
503 619
503 621
503 622
504 513
504 514
504 515
504 530
504 599
504 600
504 601
504 619
504 620
505 513
505 519
505 556
505 557
505 599
505 600
505 620
506 516
506 517
507 510
507 511
507 515
507 516
507 517
507 521
507 522
508 510
508 511
508 512
508 513
508 514
508 515
508 518
508 519
508 520
509 510
509 511
509 512
509 513
509 514
509 515
509 518
509 519
509 520
511 512
513 579
513 580
513 599
513 603
514 579
514 580
514 600
514 620
515 579
515 580
515 601
516 599
516 600
517 522
517 599
517 600
517 601
517 620
518 529
518 532
518 541
518 545
518 553
518 559
518 598
518 600
518 602
518 603
518 617
518 618
518 621
518 622
519 529
519 532
519 541
519 545
519 553
519 559
519 598
519 599
519 602
519 603
519 617
519 618
519 621
519 622
520 529
520 532
520 541
520 545
520 553
520 559
520 598
520 599
520 602
520 603
520 617
520 618
520 620
520 621
520 622
521 530
521 551
521 599
521 600
521 601
521 619
521 620
522 599
522 600
523 524
523 525
523 528
523 529
523 531
523 532
524 525
524 529
524 532
526 527
528 620
529 531
529 532
529 594
529 595
529 596
529 600
529 620
530 595
530 596
530 597
530 604
530 620
530 621
531 595
531 596
532 594
532 595
532 596
532 599
532 600
532 601
532 620
533 534
533 535
534 541
534 542
535 544
535 545
536 541
536 542
537 544
537 545
538 539
540 599
541 600
542 545
542 599
542 600
542 601
542 620
543 598
543 599
543 602
543 621
544 599
544 600
544 601
544 620
546 547
546 553
546 554
546 555
546 558
546 559
546 560
547 548
547 553
547 554
547 555
547 558
547 559
547 560
549 550
551 598
551 601
551 620
552 598
552 600
552 603
552 620
553 600
553 620
554 558
554 559
554 599
554 620
555 599
555 600
555 601
555 620
556 598
556 601
556 603
556 622
557 598
557 599
557 601
557 603
557 622
558 600
559 599
559 620
560 599
560 600
560 601
560 620
561 562
561 563
561 564
561 565
561 566
561 568
561 569
561 570
561 571
561 572
562 563
562 564
562 565
562 566
562 567
562 568
562 569
562 570
562 571
562 572
562 573
562 574
562 575
562 576
562 577
563 571
563 573
563 575
564 571
564 575
565 571
565 573
566 571
566 573
567 568
567 569
567 573
568 571
568 573
569 571
569 575
571 574
571 576
572 575
578 582
578 599
578 601
578 620
579 580
579 581
579 582
580 583
580 599
581 583
581 599
581 600
581 601
581 620
584 585
584 587
584 588
584 590
584 591
584 594
584 595
584 596
584 597
584 598
584 599
584 600
584 601
584 602
584 603
584 604
584 605
584 606
585 587
585 588
585 590
585 591
585 594
585 595
585 596
585 597
585 598
585 599
585 600
585 601
585 602
585 603
585 604
585 605
585 607
586 595
586 596
586 597
586 598
587 597
587 598
587 602
587 603
587 604
588 597
588 598
588 602
588 603
588 604
589 590
589 591
590 591
590 592
590 597
590 598
590 602
590 603
590 604
591 592
591 593
591 597
591 598
591 602
591 603
591 604
591 605
592 593
594 617
594 619
594 620
594 622
595 604
595 616
595 617
595 622
596 617
596 619
596 622
597 616
597 620
598 600
598 604
598 617
602 606
604 616
604 620
606 607
608 609
608 610
609 611
609 613
609 615
609 617
609 618
609 620
609 621
609 622
610 614
610 615
610 617
610 618
610 620
610 621
610 622
611 615
611 617
611 618
611 620
611 621
611 622
612 617
612 618
612 620
612 621
612 622
618 620
