0 94
0 111
0 146
0 147
1 2
1 3
1 33
1 72
2 4
3 4
5 9
5 11
5 12
6 9
6 11
6 12
6 36
7 8
7 9
7 10
7 11
7 38
7 39
7 97
7 170
8 11
8 12
8 36
9 10
9 11
9 36
9 186
10 11
10 12
10 36
13 15
13 16
13 17
13 18
13 36
14 15
14 16
14 17
14 18
14 25
14 35
19 32
20 32
21 22
21 23
21 85
21 175
21 176
22 23
22 24
22 82
22 83
25 26
25 27
25 28
25 29
25 30
25 31
25 48
25 124
26 28
26 29
26 31
26 49
26 53
26 145
27 28
27 29
27 30
27 31
27 49
27 53
27 144
27 145
28 29
28 31
29 31
32 34
32 59
32 60
32 78
33 34
35 36
35 37
35 123
36 37
36 52
36 53
36 55
38 40
38 41
38 42
38 43
38 47
38 98
38 162
39 41
39 42
39 43
39 47
39 161
39 170
39 171
40 41
40 42
44 46
44 161
44 162
44 168
44 169
45 161
45 163
46 47
46 79
46 161
46 163
48 50
48 51
49 50
49 51
49 52
49 125
52 53
52 54
52 55
52 56
52 58
52 169
53 54
53 55
53 56
53 57
53 58
55 58
57 58
59 61
59 62
59 63
59 64
59 65
59 66
59 67
59 68
59 69
59 73
59 186
59 187
59 196
59 197
60 62
60 63
60 64
60 65
60 66
60 67
60 68
60 69
60 73
60 186
60 187
60 197
61 67
61 68
61 69
61 80
61 189
61 196
62 63
62 64
62 66
62 67
62 68
62 69
62 72
62 80
62 188
62 189
63 67
63 68
63 69
64 67
64 68
64 69
65 68
65 69
66 67
66 69
68 189
70 73
71 72
71 73
72 188
72 189
73 95
74 77
74 79
75 77
75 79
76 77
76 79
79 80
79 81
79 186
79 188
79 189
80 81
80 186
80 187
82 84
82 85
82 86
82 87
82 89
82 184
82 186
82 191
82 193
82 194
83 84
83 86
83 87
83 184
83 186
83 187
84 89
84 147
84 158
85 86
85 87
85 88
85 90
85 156
85 157
85 158
86 89
87 89
91 92
91 94
91 102
91 111
92 93
92 94
92 111
93 102
94 102
95 96
98 161
99 109
99 147
100 109
100 147
101 103
101 104
101 105
101 106
101 107
101 108
101 109
101 114
101 123
101 145
101 147
102 104
102 105
102 136
103 136
108 111
109 110
109 112
109 113
109 124
109 125
110 135
110 136
111 112
111 113
111 134
111 135
111 136
114 117
114 122
115 158
115 159
116 158
116 159
117 118
117 119
117 120
117 121
117 122
117 123
117 145
117 158
117 159
123 124
123 132
124 126
124 127
124 128
124 129
125 126
125 127
125 134
125 135
126 145
127 145
128 145
129 145
130 136
130 143
130 170
130 175
131 136
131 143
131 170
131 175
132 134
132 135
132 136
132 137
132 138
132 139
132 140
132 143
132 145
132 170
132 175
133 134
133 135
133 137
133 138
133 139
133 140
133 150
133 151
133 170
133 171
133 175
134 143
134 159
135 143
135 159
136 137
136 138
136 139
136 140
136 141
136 142
136 159
137 143
138 143
139 143
140 143
144 147
144 148
144 149
144 152
144 153
144 154
145 146
145 147
145 148
145 149
146 158
147 148
147 149
147 158
153 155
156 159
157 159
158 159
158 160
161 163
161 166
161 167
161 171
162 163
162 164
162 165
162 170
163 167
168 170
168 171
168 172
168 173
168 188
168 189
169 170
169 171
169 188
169 189
170 172
170 173
170 174
171 172
171 173
175 176
175 177
175 178
175 179
176 177
176 178
176 179
176 180
180 181
180 182
183 185
183 193
184 185
186 188
186 189
186 190
186 191
186 192
187 188
187 189
187 190
187 192
188 190
188 192
189 190
189 191
189 192
190 192
195 197
195 200
196 200
197 198
197 199
