0 1
0 74
0 75
0 76
0 78
1 75
1 77
2 10
2 140
2 142
2 144
2 145
2 146
2 147
2 161
2 178
3 10
3 140
3 142
3 144
3 145
3 146
3 147
3 161
3 178
4 5
4 163
4 164
4 165
5 87
5 163
5 164
5 165
6 170
7 179
7 180
7 181
8 89
8 90
8 91
8 92
9 48
9 49
9 50
9 52
9 55
9 56
9 57
9 58
9 126
10 20
10 21
10 90
10 137
10 138
10 139
10 140
10 141
10 143
10 147
10 156
10 166
10 171
10 176
10 177
11 154
11 160
11 176
11 177
12 88
12 89
12 90
12 93
12 127
13 14
13 15
13 19
13 38
13 40
13 60
13 63
13 64
13 65
13 66
13 68
13 161
14 19
14 20
14 65
14 66
14 67
14 135
14 166
14 171
15 61
15 65
15 66
16 81
16 82
16 83
16 84
16 85
16 86
16 90
17 154
17 155
17 156
17 158
17 159
17 160
18 168
19 60
19 62
19 85
19 89
19 132
19 133
19 134
19 135
19 136
19 148
19 150
19 151
19 166
20 60
20 62
20 65
20 80
20 126
20 131
20 149
20 152
20 153
20 154
20 160
20 161
20 162
20 167
20 168
20 169
20 170
20 172
21 163
21 164
21 173
21 174
21 175
22 23
22 60
22 89
22 90
22 98
22 100
22 101
22 103
22 107
22 109
22 111
22 112
22 113
22 114
22 115
22 116
22 118
22 120
22 121
22 122
22 124
22 125
22 126
22 128
22 157
23 49
23 50
23 99
23 102
23 103
23 104
23 105
23 106
23 108
23 110
23 111
23 112
23 113
23 114
23 115
23 117
23 119
23 123
23 126
23 127
23 129
23 157
24 74
24 179
24 180
25 26
25 27
25 28
25 29
25 31
25 32
25 33
25 130
26 30
27 30
28 30
29 30
30 31
30 32
30 33
30 126
30 130
31 32
31 35
31 51
31 53
31 70
31 73
31 75
31 126
31 127
32 35
32 52
32 60
32 69
32 71
32 72
32 74
32 126
33 35
33 51
33 53
33 70
33 127
34 35
35 126
35 127
36 37
36 39
36 40
37 41
38 41
38 43
38 46
38 47
38 61
38 86
39 41
39 44
39 45
39 60
39 62
39 65
39 66
39 79
40 41
40 43
40 46
40 47
40 61
42 43
42 44
47 79
47 89
47 90
47 94
47 95
47 96
47 97
48 59
48 69
49 52
49 53
49 59
49 71
50 51
50 52
50 53
50 59
50 60
50 61
50 71
50 79
50 106
50 118
50 126
50 138
51 52
51 54
51 70
51 126
51 127
