0 498
1 122
1 123
1 124
2 91
2 303
2 304
2 305
2 310
2 311
2 312
2 317
2 318
2 320
2 322
2 326
2 327
2 331
2 333
2 350
2 351
2 364
2 365
2 369
2 370
2 579
3 615
3 619
4 266
4 267
5 618
5 629
5 630
6 8
6 618
6 629
6 630
7 167
7 169
8 607
8 609
8 610
9 354
9 355
9 356
9 357
10 354
10 355
10 356
10 357
11 612
11 613
11 614
12 425
12 426
13 264
13 265
14 270
14 271
14 272
14 273
15 620
15 621
15 622
15 623
16 620
16 621
16 622
16 623
17 38
17 39
18 26
18 38
18 39
19 38
20 38
20 39
21 38
22 38
22 39
23 26
23 38
23 39
24 39
25 26
25 38
26 31
26 38
27 38
27 39
28 38
29 38
29 39
30 38
31 38
31 39
32 43
32 44
33 43
33 44
34 43
34 44
35 38
35 39
36 43
36 44
37 43
37 44
38 40
38 41
38 42
38 47
38 48
38 49
38 65
38 139
38 144
38 186
38 373
39 40
39 41
39 42
39 46
39 47
39 49
39 65
39 139
39 144
39 186
39 373
39 619
40 41
40 42
40 43
40 44
40 45
40 408
40 439
41 43
41 44
41 45
41 174
41 175
41 176
41 177
41 178
41 268
41 617
41 618
41 619
42 43
42 44
42 45
42 65
42 174
42 175
42 176
42 177
42 178
42 266
42 615
42 617
42 618
42 619
43 140
43 374
44 140
44 374
50 55
50 56
51 55
51 56
52 55
52 56
53 55
53 56
54 55
54 56
55 179
55 180
55 181
55 444
56 240
56 444
57 354
57 355
57 356
57 357
58 61
59 61
59 62
60 536
60 537
60 538
61 62
61 530
61 531
61 532
62 533
62 534
63 354
63 355
63 356
63 357
64 354
64 355
64 356
64 357
66 192
67 620
67 621
67 622
67 623
68 81
68 82
68 83
68 84
69 81
69 82
69 83
69 84
70 81
70 82
70 83
70 84
71 81
71 82
71 83
71 84
72 81
72 82
72 83
72 84
73 81
73 82
73 83
73 84
74 81
74 82
74 83
74 84
75 81
75 82
75 83
76 81
76 82
76 83
76 84
77 192
78 81
78 82
78 83
78 84
79 81
79 82
79 83
79 84
80 81
80 82
80 83
80 84
81 87
81 89
81 217
81 297
81 430
81 431
81 581
82 85
82 86
82 89
82 90
82 134
82 217
82 297
82 430
82 431
82 581
83 85
83 86
83 87
83 89
83 90
83 217
83 297
83 430
83 431
84 86
84 87
84 90
84 217
84 297
84 430
84 431
85 88
85 351
85 352
85 353
86 88
86 351
86 352
86 353
87 120
87 121
90 132
90 133
90 134
90 135
90 217
91 337
91 338
91 339
91 340
91 341
91 342
91 344
91 345
91 346
91 347
91 348
92 354
92 355
92 356
92 357
93 113
93 114
93 115
94 113
94 114
94 115
95 122
95 123
95 124
96 122
96 123
96 134
97 113
97 114
97 115
97 116
98 113
98 114
98 115
99 113
99 114
99 115
100 113
100 114
100 115
101 113
101 114
101 115
102 113
102 114
102 115
103 113
103 114
104 113
104 114
104 115
105 113
105 114
105 115
106 113
106 114
106 115
107 113
107 114
107 115
108 113
108 114
108 115
109 114
110 113
110 114
110 115
111 122
111 123
111 124
111 136
112 132
112 295
112 298
113 116
113 127
113 128
113 129
113 130
113 131
113 132
113 133
113 135
113 143
113 242
113 243
113 294
113 295
113 298
113 299
113 440
113 441
113 569
114 116
114 117
114 118
114 119
114 126
114 127
114 128
114 129
114 130
114 131
114 132
114 133
114 134
114 135
114 143
114 242
114 243
114 294
114 295
114 298
114 299
114 440
114 441
114 569
115 116
115 127
115 128
115 129
115 130
115 131
115 132
115 133
115 135
115 143
115 242
115 243
115 294
115 295
115 298
115 299
115 440
115 441
115 569
116 121
116 123
116 124
116 125
116 349
116 350
116 413
116 489
116 490
116 534
116 615
117 121
117 122
117 123
117 124
117 350
117 488
117 489
117 490
117 534
118 121
118 123
118 124
118 125
118 349
118 350
118 489
118 490
118 533
118 534
119 123
119 124
119 350
119 488
119 489
119 490
119 534
120 566
120 567
121 566
121 567
122 129
122 130
122 131
122 132
122 133
122 134
122 135
122 137
122 138
122 209
122 220
122 221
122 222
122 288
122 385
122 446
123 130
123 132
123 133
123 134
123 135
123 137
123 138
123 209
123 220
123 221
123 222
123 288
123 349
123 385
123 446
124 129
124 130
124 131
124 132
124 133
124 134
124 135
124 137
124 138
124 209
124 220
124 221
124 222
124 288
124 300
124 350
124 385
124 446
125 129
125 130
125 131
125 132
125 133
125 134
125 135
129 132
129 133
129 135
129 364
129 365
129 503
129 504
130 132
130 133
130 135
130 364
130 365
130 503
130 504
131 132
131 133
131 135
131 364
131 365
131 503
131 504
132 192
132 540
132 541
132 542
132 566
133 192
133 540
133 541
133 542
133 566
133 567
134 141
134 192
134 279
134 540
134 541
134 565
134 566
134 567
135 192
135 540
135 541
135 566
141 192
142 192
145 204
145 205
146 204
146 205
147 415
147 416
147 417
148 192
149 535
149 536
149 537
149 538
150 168
150 170
151 159
151 161
151 172
151 173
152 177
152 182
152 183
152 249
153 183
154 182
154 183
155 172
155 173
156 161
156 172
156 173
157 172
157 173
158 172
158 173
160 161
160 172
160 173
162 172
162 173
163 182
164 182
165 182
165 183
166 174
166 177
166 179
167 173
168 172
168 173
170 182
170 183
171 182
171 183
172 179
172 180
172 185
173 174
173 175
173 177
173 178
173 181
173 185
174 182
174 183
174 184
174 241
174 266
174 268
175 181
175 182
175 183
175 184
175 241
175 266
175 268
176 241
176 266
176 268
177 181
177 182
177 183
177 184
177 241
177 266
177 267
177 268
177 491
178 179
178 180
178 181
178 182
178 183
178 184
178 237
178 241
178 266
178 268
178 269
179 182
179 183
179 184
179 208
179 249
179 426
180 182
180 183
180 204
180 207
180 208
180 248
180 249
180 426
181 208
181 249
181 426
182 218
182 219
182 380
182 381
182 571
183 218
183 219
183 380
183 381
183 571
187 192
188 192
189 192
190 192
191 192
191 415
191 429
192 210
192 429
193 204
193 205
194 204
194 205
195 204
195 205
196 204
196 205
197 204
197 205
198 205
199 204
199 205
200 204
200 205
201 204
201 205
202 204
202 205
203 204
203 205
204 206
204 208
204 543
204 544
205 206
205 207
205 208
205 543
205 544
206 491
206 492
206 493
206 545
207 208
207 492
207 545
208 249
211 404
212 404
212 405
213 404
213 405
214 408
214 575
215 535
215 536
215 537
215 538
216 354
216 357
223 620
223 621
223 622
223 623
224 620
224 621
224 622
224 623
225 270
225 271
225 272
225 273
226 349
226 354
226 355
226 356
226 357
227 354
227 355
227 356
227 357
228 415
228 416
228 417
229 415
229 416
229 417
230 482
231 482
232 415
232 416
232 417
233 415
233 416
233 417
234 240
234 241
235 240
235 241
236 241
237 240
237 241
238 240
238 241
239 240
239 241
240 241
240 377
240 378
241 377
241 378
241 406
241 407
244 404
244 405
245 526
245 527
245 528
245 529
246 535
246 536
246 537
246 538
247 388
247 533
247 534
248 249
248 268
248 533
248 534
249 534
250 267
250 268
250 276
250 277
250 278
250 279
251 264
251 265
252 264
252 265
253 264
253 265
254 264
254 265
255 264
255 265
256 264
256 265
257 264
257 265
258 264
259 264
259 265
260 264
260 265
261 264
261 265
262 270
262 271
262 272
262 273
263 270
263 271
263 272
263 273
264 266
264 275
264 276
264 277
264 278
264 279
264 280
264 285
264 445
264 548
265 268
265 269
265 275
265 276
265 277
265 278
265 279
265 280
265 285
265 445
265 548
266 269
266 271
266 273
266 274
266 491
266 492
266 493
266 509
267 491
267 509
267 564
268 271
268 273
268 279
268 454
268 455
269 455
270 276
270 277
270 278
270 279
270 280
270 281
270 282
270 541
270 549
271 277
271 279
271 280
271 281
271 282
271 549
272 277
272 278
272 279
272 280
272 281
272 282
272 549
273 276
273 279
273 280
273 281
273 282
273 549
274 279
274 280
277 279
279 455
279 526
279 535
279 540
279 541
279 548
280 455
280 540
280 541
280 542
283 526
283 527
283 528
283 529
284 526
284 527
284 528
284 529
286 404
286 405
287 404
287 405
289 604
289 606
290 603
290 604
290 605
290 606
291 601
291 602
292 605
292 606
293 604
296 535
296 536
296 537
296 538
300 388
301 337
301 338
301 339
301 340
301 341
301 342
301 343
301 344
301 345
301 346
301 347
301 348
302 308
302 310
302 344
302 345
302 348
303 306
303 310
303 332
303 337
303 339
303 340
303 341
303 342
303 345
303 347
303 348
304 319
304 337
304 338
304 339
304 340
304 341
305 337
305 339
305 340
305 341
305 342
305 344
305 345
305 347
305 348
306 314
306 317
306 318
306 319
306 321
306 322
306 323
306 337
306 338
306 339
306 340
306 341
306 342
306 347
307 337
307 340
307 341
307 342
307 348
308 317
308 318
308 319
308 321
308 322
308 323
308 338
308 339
308 340
308 341
308 347
309 337
309 339
309 340
309 341
309 342
309 344
309 345
309 347
309 348
310 317
310 318
310 319
310 321
310 322
310 323
310 340
310 341
310 342
310 347
311 339
311 340
311 341
311 342
311 344
311 345
311 347
311 348
312 317
312 318
312 319
312 321
312 322
312 323
312 339
312 340
312 341
312 342
312 347
313 338
313 339
313 340
313 341
313 344
313 345
313 347
313 348
314 319
314 332
314 337
314 339
314 340
314 341
315 354
315 355
315 356
315 357
316 354
316 355
316 356
316 357
317 332
317 339
317 340
317 341
317 342
317 345
317 347
317 348
317 356
318 339
318 340
318 341
318 342
318 345
318 347
318 348
318 356
319 324
319 325
319 327
319 329
319 332
319 337
319 344
319 345
319 355
319 356
319 357
320 337
320 340
320 341
320 342
320 344
320 345
320 347
320 348
320 365
321 324
321 325
321 327
321 329
321 332
321 337
321 338
321 344
321 346
321 354
322 325
322 332
322 338
322 339
322 340
322 341
322 342
322 344
322 345
322 347
322 348
323 324
323 325
323 329
323 332
323 338
323 340
323 345
323 354
324 337
324 338
324 339
324 340
324 341
324 344
324 345
324 347
324 348
325 337
325 339
325 340
325 341
325 347
326 337
326 338
326 340
326 341
326 342
326 344
326 345
326 348
327 337
327 340
327 341
327 347
328 339
328 340
328 341
328 345
328 347
328 348
329 337
329 338
329 340
329 341
330 337
330 339
330 340
330 341
330 345
330 348
330 350
331 337
331 338
331 339
331 340
331 341
331 342
331 347
332 337
332 338
332 340
332 341
332 344
332 345
332 346
332 347
332 348
332 349
333 337
333 338
333 339
333 340
333 341
333 343
333 344
333 345
333 346
333 347
333 348
333 365
334 354
334 355
335 354
335 355
335 356
335 357
335 379
336 365
337 350
337 351
337 360
337 361
337 362
337 363
337 364
337 367
337 369
337 370
337 375
337 443
337 579
338 350
338 351
338 360
338 361
338 364
338 367
338 370
338 375
338 443
338 579
339 350
339 351
339 361
339 362
339 363
339 364
339 365
339 369
339 370
339 375
339 443
339 579
340 349
340 350
340 361
340 362
340 363
340 364
340 365
340 366
340 369
340 370
340 375
340 443
340 579
340 616
341 345
341 350
341 361
341 362
341 363
341 366
341 367
341 369
341 370
341 375
341 443
341 579
342 350
342 351
342 360
342 364
342 367
342 369
342 375
342 443
342 579
343 369
343 443
343 579
344 349
344 353
344 359
344 361
344 363
344 364
344 365
344 367
344 369
344 370
344 375
344 443
344 579
345 349
345 353
345 361
345 363
345 364
345 365
345 369
345 370
345 375
345 443
345 579
346 349
346 353
346 359
346 361
346 363
346 364
346 367
346 369
346 370
346 375
346 579
347 349
347 350
347 351
347 353
347 364
347 365
347 367
347 369
347 370
347 375
347 443
347 579
348 349
348 350
348 351
348 361
348 363
348 364
348 365
348 366
348 367
348 369
348 370
348 375
348 443
348 579
349 353
349 355
349 357
349 358
349 361
349 615
349 616
349 618
350 353
350 354
350 357
350 358
350 615
350 616
350 618
350 619
351 357
351 415
352 354
352 355
352 415
353 415
353 616
354 364
354 365
354 367
354 371
354 376
354 442
354 506
354 551
354 580
355 364
355 365
355 367
355 368
355 371
355 376
355 442
355 506
355 551
355 580
356 366
356 367
356 368
356 371
356 376
356 442
356 506
356 551
356 580
357 364
357 365
357 367
357 368
357 371
357 376
357 442
357 506
357 551
357 580
357 616
358 364
358 365
358 616
364 366
364 367
365 367
365 540
372 620
372 621
372 622
372 623
382 405
383 404
383 405
384 494
384 495
384 496
384 497
384 498
384 499
386 526
386 527
386 528
386 529
387 535
387 536
387 537
387 538
387 618
389 404
389 405
390 404
390 405
390 408
391 404
391 405
392 404
392 405
393 404
393 405
394 404
394 405
395 404
395 405
396 404
396 405
397 404
397 405
398 404
398 405
399 404
399 405
400 404
400 405
401 404
401 405
401 408
402 404
402 405
403 404
403 405
404 407
404 408
404 409
404 572
404 573
404 574
404 578
405 407
405 408
405 409
405 572
405 573
405 574
405 578
406 575
407 408
407 575
410 415
410 416
410 417
411 415
411 416
411 417
412 415
412 416
412 417
413 415
413 416
413 417
414 415
414 416
415 416
415 417
415 427
415 428
415 576
415 577
416 427
416 428
416 576
416 577
416 617
416 618
416 619
417 428
417 576
417 577
417 618
418 425
419 425
419 426
420 425
421 425
421 426
422 425
422 426
423 425
423 426
424 425
424 426
425 426
425 454
425 570
432 562
432 563
433 562
433 563
434 620
434 621
434 622
434 623
435 484
435 485
435 486
435 487
436 494
436 495
436 496
436 497
436 498
436 499
437 612
437 613
437 614
438 620
438 621
438 622
438 623
439 617
439 618
439 619
447 494
447 495
447 496
447 497
447 498
447 499
448 488
448 489
448 490
448 545
449 455
450 455
451 455
452 455
453 455
454 455
455 456
457 484
457 485
457 486
457 487
458 494
458 497
459 484
459 485
459 486
459 487
460 484
460 485
460 486
460 487
461 494
461 495
461 496
461 497
461 498
461 499
462 484
462 485
463 484
463 485
463 486
463 487
464 484
464 485
465 484
465 485
465 486
465 487
466 484
466 485
467 484
467 485
467 486
467 487
468 484
468 485
468 486
468 487
469 484
469 485
469 486
469 487
470 484
470 485
470 486
470 487
471 484
471 485
471 486
471 487
472 484
472 485
473 484
473 485
473 486
473 487
474 484
474 485
475 484
475 485
475 486
475 487
476 484
476 485
477 484
477 485
477 486
477 487
478 494
478 495
478 496
478 497
478 498
478 499
479 494
479 495
479 496
479 497
479 498
479 499
480 484
480 485
481 486
481 487
482 494
482 495
482 496
482 497
482 498
482 499
482 547
483 494
483 495
483 496
483 497
483 499
483 547
484 486
484 489
484 490
484 501
484 502
484 507
485 491
485 492
485 493
485 501
485 502
485 503
485 504
485 505
485 507
485 539
486 488
486 492
486 502
486 503
486 504
486 505
486 507
487 488
487 489
487 490
487 491
487 492
487 493
487 502
487 505
487 507
488 496
488 498
488 500
488 531
489 495
489 499
489 500
489 531
490 495
490 499
490 500
490 530
490 531
491 494
491 499
491 500
491 564
492 494
492 499
492 564
492 565
493 494
493 495
493 496
493 497
493 498
493 499
493 564
493 565
494 503
494 504
494 505
494 508
494 509
495 504
495 508
495 509
496 504
496 505
496 508
497 503
497 504
497 508
498 504
498 508
499 504
499 508
500 504
500 505
502 504
503 539
504 539
510 562
510 563
511 518
511 526
511 527
511 528
511 529
512 526
512 527
512 528
512 529
513 526
513 527
513 528
513 529
514 535
514 536
514 537
514 538
515 518
515 526
515 527
515 528
515 529
516 526
516 527
517 518
517 526
517 527
517 528
517 529
518 519
518 520
518 526
518 527
518 528
518 529
519 526
519 527
519 541
520 526
520 527
520 528
520 529
521 535
521 536
521 537
521 538
522 535
522 536
522 537
522 538
523 526
523 527
523 528
523 529
524 535
524 536
524 537
524 538
525 535
526 532
526 533
526 539
526 540
526 541
526 542
527 530
527 531
527 533
527 534
527 540
527 541
527 542
528 530
528 531
528 539
528 540
528 541
529 533
529 534
529 540
529 541
529 542
530 533
530 537
530 538
530 615
530 616
531 533
531 537
531 615
531 616
531 618
532 533
532 534
532 615
533 535
533 536
534 535
534 536
534 538
535 539
535 540
535 541
535 542
535 550
536 539
536 540
536 550
537 540
537 541
537 550
538 540
538 541
538 542
538 550
539 540
539 541
546 620
546 621
546 622
546 623
552 562
552 563
553 562
553 563
554 562
554 563
555 556
555 562
555 563
556 562
556 563
557 562
557 563
558 562
558 563
559 562
559 563
560 562
560 563
561 562
561 563
562 564
562 565
562 566
562 567
562 568
563 564
563 565
563 566
563 567
563 568
564 567
565 567
566 567
582 612
582 613
582 614
583 612
583 613
583 614
584 612
584 613
584 614
585 620
585 621
585 622
585 623
586 612
586 613
586 614
587 588
587 612
587 614
588 612
588 613
588 614
589 612
590 612
590 613
590 614
591 612
592 612
592 613
592 614
593 612
594 612
594 613
594 614
595 612
596 612
596 613
596 614
597 612
598 612
598 613
598 614
599 620
599 621
599 622
599 623
600 603
601 612
602 613
602 614
603 612
603 614
604 612
604 613
604 614
605 612
606 613
606 614
607 618
607 629
608 612
608 613
608 614
610 620
610 621
610 622
610 623
611 620
611 621
611 622
611 623
612 616
612 617
612 618
612 626
612 627
612 628
612 629
612 630
613 615
613 619
613 624
613 627
613 628
613 630
614 615
614 618
614 619
614 625
614 627
614 628
614 630
615 619
615 620
615 621
615 623
616 618
617 620
618 621
618 623
618 625
619 622
620 629
620 630
622 629
622 630
